-1.123089233719778202e+00,-4.684383114144696214e-01,2.577657429111636089e-01,-9.826202731129126677e-01,-3.482768506138797515e-01,-6.962918396745392258e-01,-2.131172981931948485e+00,1.303372540864311313e+00,-7.961193623249217532e-01,9.423784573162817813e-01,1.321776481071567089e+00
-4.733544699692581181e-01,7.306537987858659211e-02,3.966040038319317840e-01,5.630647428519354181e-01,-4.813863645627239340e-01,1.129990418571974242e+00,1.003645899695412069e+00,2.810419960457937183e-01,-1.177468113977801378e+00,-2.160632433828870713e+00,-1.312206551420699085e+00
2.756680553427346969e-01,-1.268409255545165926e-01,7.667268285871606803e-01,-1.079105953579211352e+00,1.128710906550658699e-01,7.881694657509432655e-01,5.994007451897832572e-01,-1.134690151747627966e-03,-2.137574019420393767e-01,-5.645556180317446993e-01,-1.760563313895372684e+00
5.777635316402964794e-01,2.220987232478807971e-01,5.662097561963648218e-01,3.073501254805969807e-01,1.499908503211854205e+00,-2.237494010603187089e-01,-2.263852339402616654e+00,1.748038654331080244e-01,-5.688333886304858256e-01,1.611765907668826436e+00,1.496917276452168988e+00
3.998731038619968148e-01,4.409813763744649950e-01,-6.388488989032401477e-01,-1.375801521316825760e+00,2.046684179566602868e+00,-7.419733426800912968e-01,-4.250961318040807346e-01,5.174036823465527624e-01,-1.115451225380601707e+00,4.435116998193481819e-01,-6.080128714917336641e-01
-1.382289889662816185e+00,1.213584474147136605e-01,-1.214088317495632730e+00,2.638561890213528383e+00,-7.786077596284645130e-01,-1.835997610459791485e+00,9.822267849475836421e-01,1.164443710891843509e+00,1.687399927471282757e+00,9.543835133059973275e-02,-7.275608584486980002e-01
-4.694925026024070885e-02,-3.153983687087811849e-01,1.822536828555466837e+00,4.083559774737720027e-01,-1.168831269208135959e+00,1.261788781913061763e+00,-7.130363909968906455e-01,1.410361833198440218e+00,1.549679050824206428e+00,-2.826205859999425529e-01,-1.953569147807594275e+00
-3.268269684565135447e-01,7.250548378604191324e-01,-1.874077329916452817e+00,9.140639578447048441e-01,-1.711228805273137255e+00,-2.331667524342731501e-01,2.396596459990754102e-01,-9.620043606683132964e-01,-4.370834181077095093e-01,1.814298828787760831e+00,1.787021018831616459e+00
1.780365337729339914e-01,1.737009717880712678e+00,-1.052541449398052498e+00,4.178382432859177875e-01,-3.695448639113496636e-01,3.919357970362994381e-01,-9.063676923065149271e-01,-7.911616592581351970e-01,-2.383217717304588965e-02,-1.904120884670143787e-01,2.650010983029876588e+00
3.747091595385445006e-01,1.963586967447620013e-01,1.219746794811080726e+00,-4.923285006516260887e-01,1.542676410463851289e+00,-6.512821386351305142e-01,4.356527409080891977e-01,-1.438572370290410518e+00,3.994281023957344523e-01,3.129307663171086995e-01,-7.268836333832244812e-01
-1.573373489575323730e-03,9.638086465144760639e-01,3.784842688565320246e-01,1.638465850402010648e+00,1.003008309392500408e+00,-1.263388448225112315e+00,-3.187537888627198224e-01,-2.320915129004501032e-01,1.833881226842442314e-01,-8.446439316716296553e-01,7.207093117804137528e-01
-6.094464161582655581e-01,-2.343136365524145504e-01,4.780751409950543263e-01,-4.566557214995204395e-01,-3.599000267207273784e-02,3.159217057306591969e-01,-1.458181576903561649e-01,-9.135377871030234687e-01,-6.219444080430854838e-01,-1.367879317153571694e+00,1.856282027027321035e+00
1.747510125275737458e-01,-5.777922342383953191e-01,-1.660102159757196605e-01,-8.681000823409242839e-01,-1.738650883629053512e+00,7.415797680776471390e-01,-1.296125014561655853e+00,1.166485487932174214e+00,2.618141523571047846e-02,-5.839118937091785089e-01,1.640851283795810467e+00
-8.429828275622398559e-01,4.241031462985997980e-01,-1.171009622809828121e+00,6.683963001539835469e-01,-5.810844433124707775e-01,8.375481333442139631e-01,-1.110590158681857398e+00,-5.864946999204698752e-01,2.449547712305693015e+00,3.426929539968681659e-02,3.702291281209327600e+00
-8.222909866180616589e-01,4.194422676695790386e-01,-1.498343907370260686e+00,-4.837618839893574885e-01,-1.543728816832019568e-01,3.724273602650556736e+00,3.468626355626771574e-01,-1.035384874248524018e-01,-1.887575851228084467e+00,-1.341071751935563938e+00,6.421930667430606476e-01
-2.518025605615663576e-01,-8.057626406760262650e-03,-1.123717724253984640e+00,-1.897107119345487591e+00,3.803026055252130555e-01,2.025952520512820154e+00,-2.454571360015686543e-01,-1.437783686054547427e+00,9.898610384434139986e-01,-6.916804389264905040e-02,2.468548545360212731e+00
-4.439910531214491529e-01,2.746823926737945176e-01,1.981365310602557217e-01,6.511851517737786699e-01,-4.126914716659485505e-01,-2.951590281367426349e-02,1.199179834872248496e-01,-5.960765740214560848e-01,4.692028326469341870e-01,-4.462801943175229158e-01,9.356012837226402867e-01
5.419275023132110597e-02,6.210331153406417615e-01,2.808270108952008459e-01,4.245006314597991881e-02,-1.113615592399990639e+00,6.096102976618599234e-01,1.227407547630496865e+00,3.835592158556731524e-01,3.087869021415448056e-01,1.039116004450671982e+00,-3.581049275435715273e+00
1.614755918896941811e+00,-8.081203471851905462e-01,-2.689036678772935396e+00,1.065868380232536244e-01,1.380321675505540524e+00,8.420500260703919215e-01,8.358896086092895139e-01,9.516747957987957418e-02,-3.280533907867501653e-01,-1.430233110713303168e-01,9.010264982547542267e-01
5.904677003742123675e-01,6.930679017788906604e-01,2.124511655465173732e+00,-1.345970254742834493e+00,2.543623028422826726e-01,8.223927455777063633e-01,9.910394467296942400e-01,1.039744199496781096e+00,7.770039261184985557e-01,2.302127654232992704e+00,-7.177790872655222643e+00
-7.176910658691283418e-01,-1.210150314996953025e+00,6.200019157800822356e-01,1.664576858123836711e+00,2.116744212223365118e-01,9.694897433522979835e-01,1.181967242485764791e+00,2.592080155646167561e-01,-8.017211433547001276e-01,-1.374624338759845299e-01,-1.884663785122551616e+00
-4.681907203155490915e-01,1.550617031051228223e-01,-1.296391883085889818e+00,-1.168044369732412324e+00,-1.578577264351320952e+00,-1.293503434288168608e+00,3.028962426476419445e+00,9.817562026138714204e-01,2.294646677444762972e-01,1.093450186285016779e+00,-5.064794261604686376e+00
-1.181430204538123530e+00,9.054033246172946137e-02,9.015212539062733565e-01,-2.157193110098218458e+00,-2.657943202692038653e+00,3.807057552758595365e-01,-1.396999948531601143e+00,1.416956199051177423e+00,-9.009904752696659136e-01,-1.034139147223454708e-01,-1.267789105215232359e-01
1.631061891866145697e+00,1.263678193318714449e+00,5.212229478459416976e-01,8.316972779050918474e-01,6.124386496495089205e-02,-4.510143668795517646e-01,2.101365245489050793e+00,-8.865515113516679868e-01,4.676931833098505464e-01,-1.698943802660165314e+00,-2.314141527384632191e+00
-7.253336124013528563e-01,6.224879584120579512e-01,-6.943791013817176561e-01,1.117812920300895074e+00,4.331371588520584459e-01,9.300125691994897137e-01,-1.460226795614813167e+00,-2.638031840503332059e+00,5.465800336905464289e-03,1.248302371940550382e+00,5.282438442057829420e+00
-3.355505725584780746e-02,4.496389570055820961e-01,1.525014384775578991e-01,3.306210787170811294e-01,9.587626587430332359e-01,3.055686379431165611e-01,-3.706916973789409903e-02,1.942336900959943602e+00,-6.314202892475985207e-01,-1.578609815256252213e-01,-2.807086267176460481e+00
-3.154296913494074595e-01,-5.568247094076586023e-01,8.068652938145443043e-01,5.124301457691365913e-01,-1.220783295078539776e+00,-4.521875327861795690e-01,6.226874186414378398e-01,-4.679251085111346131e-01,-1.016801505969305852e+00,-4.405191735624200966e-01,-4.028952395142608167e-01
1.534199709623436936e-01,1.165619361691801747e-01,-1.514866148179421668e+00,-1.005570126646057466e-01,9.278251372709173106e-01,9.198474681040960665e-02,6.871253031281907564e-01,1.750915844255062526e+00,1.372222378338046278e+00,9.562748056750737247e-01,-2.796946108543357568e+00
-1.594774965648088294e+00,-1.210049435727303724e+00,3.571924037766209814e-01,-1.117465144566231361e+00,-1.216431875973271737e+00,1.945569834247355523e+00,7.129422705335782817e-01,1.092482148222282956e-01,-5.606774209048873692e-01,6.441880160419518608e-01,-1.457979015052341065e+00
1.275298025252878498e+00,-5.945233070961583044e-01,-2.211136001788013505e+00,-1.845095385878890437e-01,4.873385939661989963e-01,-7.058161310233942998e-02,1.149209257055062022e-01,-2.496637656890437484e-01,-1.929760784623688052e-01,9.667060811165867351e-01,1.858219347892572149e+00
-2.202768096865127756e+00,1.424811359972874669e+00,3.381132945220314268e-01,5.596969638474842412e-01,4.211863584701782126e-01,-1.128502413347473698e+00,-7.123619098726193810e-01,-9.143671917088787016e-01,9.744555548745167384e-01,6.346089529650994487e-01,1.115054364757151806e+00
9.075820408592782940e-01,-6.224999436963452037e-01,-5.513019652579677077e-01,-8.080763069095959761e-01,-2.223679405100368878e-01,-7.904794074613520349e-01,-2.043004946742271954e+00,-2.770381625550492055e-01,8.680819658647040971e-01,3.286583002353893335e-01,4.181097934085721946e+00
6.213432788073502966e-01,4.177110005205465493e-01,-7.800363174005657818e-01,-1.136406900538624587e+00,4.227702204511837869e-01,1.529077770436039485e-01,7.266121888330938638e-01,6.584677450081628525e-01,1.149417475571242520e+00,4.679582879778368953e-01,-2.360506494791464238e+00
4.817882481736804334e-02,-5.357125633245301000e-01,-9.145488338320422184e-01,6.212065950623959359e-02,-1.479788397204627071e+00,-1.467275336013177611e+00,1.399794315027211855e+00,-1.556100330131181542e+00,7.874421953393180296e-01,2.895553970539889721e-01,1.291606413134415376e+00
-5.312811155946599584e-01,1.012497061106022000e+00,-9.505067670201973185e-01,1.573215938119785218e+00,-7.064447297317134611e-01,2.247326868685914913e+00,9.718319897895153492e-01,-6.599247437246571479e-01,4.270661127588517014e-01,7.448665328812930086e-01,-7.363112288602454703e-01
5.638168122565159236e-04,2.539491750859206309e-01,-4.450570610607814115e-01,4.823344704653343418e-01,1.299868341002474947e+00,-9.315340879396470930e-01,-5.636178613970926204e-02,2.344637598449919036e+00,-7.093468352736771454e-01,-1.477891471733403073e+00,-2.032466672180162526e+00
-3.653078424030998805e-01,-5.586047232793388967e-02,-1.389808673006391659e+00,1.123559881478074285e+00,1.876422430202008940e+00,-2.131137846362568311e+00,-4.017574593028570007e-01,3.761565358766708611e-01,-2.565812599776280956e-01,-1.065665404436007879e+00,2.512029999281289783e+00
4.828119969623765328e-01,-3.311371279670252132e-01,1.123314745963360367e-01,4.654345567666608452e-01,-1.180439689417148053e+00,1.291690791922041337e-01,-3.018293293018340373e-01,-4.682991080032897768e-01,5.423289953961151211e-01,-1.423633552643734035e+00,2.385566807188980398e+00
-1.271764348556714053e+00,-6.275676640674702211e-01,-1.489000079163143697e+00,9.472273703450229121e-01,-8.680269374929150406e-01,-3.108693040236828464e-01,-4.101084769583824285e-01,1.387685999554809646e+00,2.563114793194896102e-01,-1.822571105160754046e-01,1.409717225968720289e+00
1.212965352275904574e-01,-1.063756114411624321e+00,5.235692932773329256e-01,1.010628515338087147e-01,-1.291603913857321428e+00,1.514600820367242084e+00,7.603164192083108897e-02,-2.038424509982189825e+00,-4.171490850673701400e-01,-1.879848940180060435e+00,3.820192748198965482e+00
