-2.463637932123680374e-01,-3.844295874035549287e-01
-6.306679848062767269e-01,-1.102333727298618005e+00
-1.729399559851072077e+00,-1.644257388930024266e+00
5.530489299401902120e-02,3.451438261418848241e-01
9.103434453808189053e-01,5.836699716046571673e-01
-7.083805233326340156e-01,-2.479768557126533768e-01
-9.923788073965028600e-01,-9.554548096351745956e-01
-1.638145365432422118e-01,-2.514514101701090243e-01
-4.323816235823303433e-01,-1.763151439896508688e-01
8.870834959738671532e-01,1.116060618977062768e+00
4.501236510732468665e-01,4.373413841689335890e-01
4.354382848332660760e-01,1.244726211497859114e-01
1.731648152913296990e+00,1.695224007252831955e+00
1.800481991434303430e-01,2.858586466574717377e-01
3.384383518053208362e-01,-4.312939332392125569e-01
-6.626022566239335720e-01,-1.188935225204978963e-01
-9.075291826908919723e-02,-2.553859248241547308e-01
-8.761561672539031065e-01,-8.435435328465055171e-01
-1.181662947742386560e+00,-1.111806883284842895e+00
-3.658529440377814579e-01,-1.577916411891355786e-01
2.375990921055178007e-03,5.867070493794162012e-01
1.117187523517182701e-01,4.896000903268054039e-01
3.332168288400574330e-01,-3.602807695953531564e-01
-3.531936004404318541e-01,-2.369124495779197925e-01
-6.765759680814704691e-01,-5.859698231008199087e-01
-1.505585076021336288e+00,-1.794124332345178985e+00
1.288542856255556479e-01,3.826919024398571512e-02
-9.266590285087745738e-01,-8.531855167521043004e-01
-1.477874146406098710e+00,-9.724723439725386775e-01
2.000971810503507253e+00,2.446607377508924319e+00
9.279559504961640282e-02,5.961822994668336539e-02
1.033281623994328102e+00,5.629759339980937582e-01
-2.388097307845889472e-01,-3.918676785897473591e-01
1.416393706973909872e+00,1.501525489746086350e+00
1.341287716956773846e+00,1.177321774104136409e+00
-1.510253378175031802e+00,-1.817220116069160785e+00
-2.970388725786741735e-01,2.113916974267769922e-01
5.889118607806794747e-01,2.316860315289420713e-01
-4.083535545171521758e-02,-1.266242822263302648e-01
-2.008376015061303921e+00,-2.530741802897257919e+00
-1.827955833680197983e+00,-1.646347872552319069e+00
-8.561477961264275516e-01,-7.577072897941519170e-01
-2.289147623863826420e-01,4.883529752433317661e-01
-6.108128127336981406e-01,-1.159989923988380855e+00
-8.470414082743118467e-01,-2.628863608305288535e-01
8.092096823114882653e-01,4.155384086705519731e-01
2.557453258867347312e+00,1.896934160017482274e+00
-8.712143601530759618e-01,-7.344868279646118436e-01
-1.020265104933390621e+00,-1.024245305059385380e+00
-5.154019052053758765e-01,-9.198213304953744007e-01
6.999292895143749416e-01,3.272477655433489452e-01
1.204401159302857627e+00,9.742907637976994106e-01
2.835199889117526739e-01,-1.189004285400109828e-01
-1.069529041216977561e+00,-1.049582145576567038e+00
-1.633457441229514640e+00,-1.611371024225789039e+00
-1.520882801661176620e+00,-1.200287721865126001e+00
1.254298341793341487e-01,1.249679057943194754e-01
-4.850702449250627879e-01,-3.065909218446764006e-01
1.509042667193312814e+00,1.609581943003142834e+00
-1.329686003214091805e+00,-8.185607801500298653e-01
-7.100106630731017887e-02,-2.940803371849006198e-01
1.059861278494768966e+00,7.701185565097166119e-01
1.927221948664977758e-01,-1.656877818047681750e-01
-1.550323997709085744e-01,-5.506252947277481824e-02
6.019203622092703654e-01,5.975134408236171257e-01
-1.333115808557309379e+00,-1.208618280323171978e+00
-1.861237850556931583e+00,-1.644072827687169225e+00
-1.874856224244173808e-01,-1.182417260243694423e-01
-1.894403021464161174e+00,-1.894960143734884417e+00
1.173801680622951427e+00,1.054497965155743122e+00
2.097372354967197872e+00,2.212938403778869745e+00
-8.093643745504988662e-02,-9.426956766931157694e-02
1.939866939233361176e-01,4.745363147363841350e-01
-5.937391548386551365e-01,-1.092733764009024444e+00
1.340801713866581479e-01,4.520820810522183653e-01
-4.377615931730659549e-01,-5.539142579207717576e-01
-6.882360612240849829e-01,-8.467750266260423153e-01
4.714816789001290143e-02,1.822654247115609305e-01
-4.904419761949377343e-01,-5.471981184606191650e-01
-2.983486177847173293e-01,-3.635702424255207732e-01
-5.305742696195293595e-01,-4.531705145330058304e-01
2.062123114176581673e+00,1.901773016241003811e+00
4.694965069202329255e-01,3.989776102111602940e-02
1.304736988166723677e+00,1.356083358910350478e+00
-1.282383545309283335e+00,-1.158797384207656656e+00
1.623966995849882355e+00,1.963035386059370113e+00
1.601698897978917069e+00,1.591588420544773896e+00
-1.304227954379103771e+00,-1.222743352576390219e+00
-1.567595202537714005e+00,-1.775943597363811133e+00
6.189984680864883959e-01,8.489974334031600289e-01
2.956656137547636898e-01,-4.640436346668436740e-01
1.526213754622959051e+00,1.341005619735617937e+00
-1.059230300758925880e+00,-1.132997608824432012e+00
-1.408505589342706532e+00,-1.730628138441200337e+00
2.735145910889411613e-01,6.634845627539850410e-01
2.862050913510914008e-01,3.232976730432502444e-01
-1.877795336011592875e+00,-1.648271709569493426e+00
-1.012470116474263548e+00,-8.455956160470826655e-01
-5.239811276409896967e-01,-6.142581967553040201e-01
-3.905579702876992298e-01,7.443705495699648456e-02
3.829904397237381408e-01,8.356898957878072798e-02
1.602859342619919136e+00,1.205631040334407489e+00
-9.546095104335631243e-01,-7.589376195854451446e-01
2.795172496501008297e-01,2.154475159455112587e-01
-3.312336791442705985e-01,-3.992071204794969685e-01
4.239413713479410761e-01,5.731324279516980535e-02
1.641578059350854712e-01,-3.895211357559461018e-02
-8.185939686270220506e-01,-6.364357246625029774e-01
-1.240669721448031781e+00,-1.280901135908199207e+00
-2.170497839089818193e+00,-2.163065855210078769e+00
-1.099117608915302080e+00,-9.356381038514101078e-01
1.639190502287775075e-01,4.263883654778473087e-01
-5.442330967993814772e-01,-1.046386322938992253e+00
8.160238421381398044e-02,3.474672985924029955e-01
-4.400736783812293496e-01,-1.643413968128549230e-01
7.293570618726783472e-01,8.171562493160056118e-01
1.205290867491860318e+00,7.481016647637088735e-01
-6.968231015613977064e-01,1.267467950504845842e-01
5.982780182425521120e-01,4.918178173877901238e-01
-9.115407885984551095e-01,-6.752664556034171373e-01
-6.807166251024768799e-01,-1.117755366717200882e+00
-7.546265927830102249e-02,-3.978266130470567985e-01
9.686271344124091076e-01,2.040975769344443025e-01
-6.434449938879710507e-01,-3.937705545939743645e-01
-1.281447827241155579e-03,-5.425328932877599986e-01
6.601659919514168973e-01,9.293925441243402474e-01
-7.033244507990432659e-01,-7.429999305965485634e-01
2.001423533935763999e+00,1.888646187734716486e+00
1.443746363156198087e-01,3.168080061885787391e-01
2.643632006234089005e-01,3.710662673333920969e-01
-2.043673662731134044e+00,-1.958354253705577586e+00
-9.166194160133135371e-01,-5.774221620153829893e-01
7.155466251762009344e-01,3.793373781306862425e-01
-5.468189636413876009e-01,-9.532693787964635623e-02
-8.483997651499376458e-01,-7.409923110028463489e-01
4.420424767437116098e-01,9.277731469934991093e-01
-7.961730821384357948e-02,2.882337994011329729e-01
-6.683284384955255897e-01,-5.594082653066361210e-01
-4.764219971390649261e-02,-1.857821170138131139e-01
-1.696559907645938337e+00,-1.876473073032832506e+00
1.653846698802881487e+00,1.776562987543627958e+00
-2.810186410092485598e+00,-2.426466986605043452e+00
3.808571741822852075e-01,4.161841161323508453e-01
9.563329037777449360e-01,8.247029607186993072e-01
-8.534094149751446645e-01,-7.836815565107516646e-01
-5.196805778109032659e-01,-2.204607710423456823e-01
8.512526838981119282e-01,7.251945199765782446e-01
7.777705074252058148e-01,6.313661904989871232e-01
7.195761784262110217e-01,1.078570126447725208e+00
7.089247430900353919e-01,1.133171663235930327e+00
-1.149814840401985894e+00,-8.479435738886187401e-01
-3.084898498101087405e-01,-2.620024550930152851e-01
-1.504295500567449206e+00,-1.442181984846784060e+00
-2.102637017449680901e+00,-2.208560652197219643e+00
1.547505513476894912e+00,1.507214134525169502e+00
-7.638869959864695580e-02,1.952384168673201859e-01
-5.342975241895876470e-01,-3.218300679479272342e-01
-3.960996955395373331e-01,-5.323664983357866420e-01
-2.058838866722934036e-01,8.543087089876463813e-02
4.008367128679088398e-01,7.959370055852434955e-01
1.767001775390813600e+00,1.498930500089118656e+00
-2.422285863845198284e-01,1.817328092504877368e-01
3.291338437661152083e-01,-8.305487292175706138e-02
-3.337118035701692742e-01,-2.056779169494347415e-01
5.239541126937143772e-02,-2.008717642112035906e-01
-1.106123800135255575e+00,-7.942993776299193120e-01
1.322720882662825392e+00,1.269875285998252057e+00
6.055302521784032832e-01,1.062064720986754640e+00
-3.779616171456703921e-02,-2.315461968310271179e-01
2.433018064505948264e+00,2.267662398516204991e+00
-3.851056794134289502e-02,-1.719756241897497928e-01
1.266327561912427013e+00,7.944350095940111434e-01
7.223624752912168878e-01,5.149468924640121514e-01
5.239926323276281744e-02,1.611677607472773999e-01
2.840258710458912206e-01,5.043416603822930000e-01
-9.400349632556579405e-01,-1.081231733002316675e+00
-7.998998012055100193e-02,2.574273411461245331e-01
-2.201097536434404589e-01,-1.174965844207702254e-01
-4.096924394231795108e-01,-4.554794051353572293e-01
-1.701460967546387870e+00,-2.029771684348510519e+00
1.001417957449299012e-01,7.398822686135356208e-03
1.716569438868806863e-01,-3.213304606441756972e-01
-1.127399039369874068e+00,-1.259689888090326226e+00
1.356525620140958566e+00,1.317835088782257191e+00
1.566169550244064443e-02,5.648522945390788835e-02
-1.961282681229250535e-01,-3.554277182412882152e-01
-4.706390524153438726e-01,-4.668689806935985009e-01
7.400324008211961457e-01,1.207830579920170955e+00
-1.627160827815633981e+00,-1.358352420305486641e+00
-1.551659260927819028e+00,-1.956534898884914719e+00
1.047132164820005817e+00,1.173086573513024700e+00
-2.193850928053666938e-01,5.988215012968009510e-02
9.274026333253644339e-01,6.849042266304116167e-01
-9.798317557701444747e-01,-8.921614317406897365e-01
-1.275573881377755736e+00,-1.391167667652021045e+00
-1.075932619301956938e-01,1.041575145670991936e-01
1.035443074497297999e+00,5.804337088756229557e-01
-2.564162690633613906e+00,-2.952121143140305382e+00
-5.383098350084684069e-01,-1.048172822288228501e+00
-2.322784391364325074e-01,-3.648112143969650667e-01
-8.421002885612587363e-01,-6.024635982102941600e-01
-6.230152345333762609e-01,-5.540390984900069871e-01
1.290760806556663143e+00,1.428063723716583855e+00
-1.125417369271400680e+00,-5.867959454984450485e-01
5.399922572431758994e-01,-4.217121358601449987e-02
1.232816245665757648e+00,1.673720049417788847e+00
1.375530549276051007e+00,1.226717517241123989e+00
-1.724311111412527353e+00,-1.678377950785371331e+00
-9.694890147946976233e-01,-8.993292619745621996e-01
9.657962515037432638e-01,4.107804691076634152e-01
-5.314537248138123671e-01,-1.495678612665312990e+00
1.811739459018643084e-01,-3.688421926499561021e-01
-4.185589988877063128e-01,-2.976330145547986250e-01
3.186728021307488889e-01,-7.051947453229856499e-02
4.920473215032390990e-01,5.674846496166440213e-01
-6.195196198053115610e-01,-3.837882592902180368e-01
1.664394512893117239e+00,1.749710965165499843e+00
5.831459435343758768e-01,4.552409137247758197e-01
1.419866171474914174e-01,2.614637282236714766e-01
5.380853067453846839e-01,3.680040146466446727e-01
1.222719798789265455e-01,-5.760550040594500376e-02
-4.309119934094634563e-01,-4.740993306542372610e-01
-1.221973553288890901e+00,-1.270368793491391424e+00
-1.758927700439984809e+00,-1.413651621384141244e+00
-5.112617444427621782e-01,-4.747182734367522694e-01
-1.176630795534461482e+00,-1.176191022068110437e+00
-3.945186414976992739e-01,1.730845595539785564e-01
-1.067431760528648299e+00,-7.336739779992507149e-01
1.521039209305779516e-01,2.246083206445031455e-01
3.052441194848982686e-01,2.568801828635495776e-01
1.153392984599566518e+00,9.618719460386324638e-01
-6.442931997163978686e-01,-6.326105100805127224e-01
-3.945552989975229519e-01,-6.252821502122333230e-01
1.658397213506814794e-01,1.433192351335023096e-01
1.744730946262219862e-01,3.918152855564934756e-01
9.511945912381959412e-01,8.049804361667184383e-01
7.026834402411206160e-01,4.077953216106476875e-01
2.062619020571705875e+00,2.334415774254647413e+00
-1.740480722241901201e+00,-1.130413783537494332e+00
-6.722369986928519170e-01,-4.655725728906906502e-01
-6.738535557985900759e-01,-3.303265716452328804e-01
3.715269275301826823e-01,-6.999886233294638771e-02
1.436124751018770240e+00,9.601429561778187516e-01
-2.947599821050570057e+00,-2.275394284178557047e+00
-1.835243713078430761e-01,-5.667931862020750833e-01
1.231901756467640219e+00,1.579437347024818417e+00
1.847063748384980331e+00,1.245768929714499151e+00
8.093096443168083798e-02,-1.445228543356824324e-01
-8.055988693654525523e-02,2.922004235025698615e-01
-9.583398723348278692e-01,-7.653442556412002329e-01
1.596573615103306976e+00,1.287576137139210930e+00
1.601656406734402349e+00,1.434318764816968184e+00
-1.593063365484380878e+00,-1.611454126816898036e+00
-1.010167306388746855e+00,-5.374146193044582187e-01
-5.410838087508207384e-01,-7.014226453937706385e-01
1.208368667760570281e+00,8.341702730608927530e-01
1.437749859088141680e+00,1.742214976055063591e+00
2.454282935248568442e-01,3.713885161684310487e-01
-8.967572490197724955e-01,-5.995883997299729096e-01
2.073797095927552014e+00,2.184078357053944153e+00
-4.271928283621550526e-01,4.547898182268861333e-04
-3.215453023644463948e-01,4.633867059741558769e-02
-8.277758744821340775e-01,-1.352829574742196117e+00
-1.656108479501794406e+00,-1.441499874984962126e+00
5.990973638173477944e-01,4.877656385663188265e-01
-8.148202945920787199e-01,-6.455154471678159478e-01
-1.009378559615837334e+00,-8.683643722888386707e-01
6.321737580056101535e-01,6.992963213738757622e-01
1.876648401880128825e+00,1.567614549594262385e+00
-2.118770045453304274e-01,-3.482829451163205192e-01
-3.049562705222457204e-01,-2.264092910065531039e-01
-1.435119128184171089e+00,-1.393685300527992998e+00
6.758200632581090606e-01,8.358498267883575084e-01
-3.989437341442764184e-01,-5.159678399207097144e-01
-4.996177305583107131e-01,-4.792114667843849762e-01
2.412830285119378082e-01,1.513697972140217174e-01
-9.469797692602186512e-01,-1.172177186590903641e+00
1.746384754066387268e+00,2.143360928630497320e+00
-3.537253191030357291e-01,-3.768479503885706627e-01
-9.078284081974695718e-01,-8.431121008927814353e-01
1.173027178581047325e+00,8.419405016686865029e-01
-8.947542099003671368e-01,-8.395232207404612623e-01
-1.675243382788080604e+00,-1.637076885607988697e+00
8.084430533041251365e-01,1.221524503168612830e+00
-8.566001973843165862e-01,-8.899275155325926390e-01
7.652270985932885239e-01,9.489356073103470957e-01
-7.322252051637243575e-01,-1.116447979475760688e+00
-1.487573908944371137e+00,-1.388067647830927731e+00
5.217699572289672405e-01,7.823355666154763188e-01
6.052728266015775516e-01,9.822525488291017348e-01
1.220633953964695761e+00,9.597876058145058398e-01
1.823049296761344862e-01,-2.158829787131000266e-02
4.733698671770649735e-01,1.262163968880212206e-01
-9.689692148969879515e-01,-7.916634436779206307e-01
9.279182399134795478e-01,1.031121493376088383e+00
-5.080139960724401604e-02,-3.854419903512155687e-01
1.353023880593653416e-01,1.818083951253833541e-02
-6.047094868130632461e-01,-6.298084100714697042e-01
1.304300391494620959e+00,1.166598346963668709e+00
-7.274782989587704751e-01,-1.021542942254857866e+00
9.313546624552844211e-01,1.200603155196719563e+00
-1.338779435614945723e-01,-2.576756075153378012e-01
2.445498073642714820e-01,5.776485634157290106e-01
-1.360209612763463527e+00,-1.221447424950019789e+00
9.461317809958117442e-01,2.113137027905135357e-01
4.069743000728114901e-01,7.948966071381960985e-01
1.921581761921604903e+00,2.111243094667227815e+00
2.062400401861998189e-01,6.933813263513094460e-02
-1.165698581769819331e+00,-1.450250091734553104e+00
9.208048689645735863e-01,7.551328450808376669e-01
-2.828857311534048180e-01,-5.903462710507737521e-01
5.113820792123541237e-01,9.254144651551140521e-01
4.653103336619425212e-01,8.675721664065116912e-01
2.984862445444927292e+00,2.555478128718026376e+00
-9.337254827483808528e-01,-1.105360439586614119e+00
9.161992390054051194e-01,8.575009652120902937e-01
-1.321810877962046105e+00,-1.109739581930505814e+00
2.385330533810679832e+00,2.469865340806705056e+00
1.314677349356631497e+00,9.460750899125311975e-01
-4.320398827274343767e-01,-6.344582770511250081e-01
5.808700186409815336e-01,9.826886570110315855e-01
-1.108864616601918041e+00,-6.487801636005228190e-01
-1.426368128439759575e+00,-1.395697763089427168e+00
1.750864143267589490e-01,8.297889342933352230e-01
-2.171493505091548482e+00,-2.307009798323708338e+00
-7.488885941067744412e-01,-5.801295017979110069e-01
-5.671481636863980880e-01,-5.323612062742300033e-01
-9.172711180885694260e-01,-5.914503872803094087e-01
-1.896934710669182733e+00,-1.597090751320002111e+00
1.027165626546427679e-01,4.825285385892529311e-01
-7.028784785612574026e-01,-2.382761342156219930e-01
6.013228963769418761e-02,-2.081801112215174721e-01
-2.849648435352605813e-01,-6.567465191262750190e-01
-6.998376900556906310e-01,-8.484543138917819416e-01
5.784798140605336148e-01,7.107211309179385372e-01
-3.040261511744046796e-01,-2.919495279486150618e-01
1.996300116310987249e+00,2.014477980321262240e+00
1.133176077148548622e+00,1.036803002562827869e+00
-9.188451209260093400e-01,-9.629160820066716697e-01
1.789269388411525830e+00,1.809048882790023738e+00
7.569097976469076894e-01,1.498725903625079514e+00
-1.207502482745458350e+00,-1.600783726488863801e+00
-1.462374021135999458e+00,-1.238160119646616542e+00
1.163000578377163086e+00,1.030884270766841304e+00
-1.841558576158983884e+00,-1.559777034337402002e+00
2.865952107857065445e-01,1.181783367122944517e+00
-2.189929123791066967e+00,-2.180106779269732176e+00
-1.542491196376984508e+00,-1.327710871988398100e+00
9.977377005326119042e-01,9.003182251789619839e-01
9.045247112367529319e-01,7.079470115121045959e-01
1.405491827776841784e+00,1.342493303401234295e+00
1.404705746550191092e-01,-4.314533385611207805e-02
7.248880368320362866e-01,6.164106686630272947e-01
2.203242488154513179e-01,6.136771013819277698e-01
-1.811719425382988913e+00,-1.645514963436679912e+00
-9.418844101548703995e-02,-1.653369878604141752e-01
1.183174728413579624e+00,1.326211531414347888e+00
-7.009824222680748340e-01,-9.917528702848021904e-01
2.968122592013801297e-02,1.398466687647880596e-02
-4.290315329379022491e-01,-8.468766839477938069e-01
2.288081718074841397e-01,-7.429329190177336173e-02
-4.008100449471544979e-01,-9.903409050291989146e-01
-1.035532896977445105e+00,-6.775967399325750762e-01
2.713986983607883929e-01,8.691697522328067915e-01
-1.745824124593316207e-01,-1.826360168282302743e-01
5.735024658878449255e-01,1.009285377826976693e-01
-1.434030888334500708e-01,-8.524056321390016677e-02
1.196388786636745749e+00,1.579224340589978848e+00
4.765925391864300059e-02,-1.908802396518143318e-01
-4.194980862252080667e-01,-2.993191021767774296e-01
-1.904619687434789155e+00,-1.583483436631462959e+00
2.374903315357713041e+00,2.550911794480411388e+00
4.299097589278191300e-01,1.169232910943929227e-02
2.732787546808657098e-01,3.035409459367195417e-01
1.777089045252148725e-01,-4.751421585325850128e-01
1.733998323041384682e-01,-6.107060227836774713e-03
7.912105151448567408e-02,-1.939142155836939274e-01
-5.627823192865161195e-01,-8.917539326186191273e-02
-6.336320990047200619e-02,-9.690815086781029430e-02
4.685979313967489346e-01,8.488944888657553589e-01
9.623293998509482305e-01,9.030245764941993158e-01
-6.585888642579315055e-01,-6.241114002329782862e-01
4.352597439336285401e-01,1.501122136679897134e-01
-9.441363907668398614e-02,-4.830551989319942785e-01
3.827433836038403037e-01,3.619456192647394488e-01
-6.085679877432744744e-01,-4.821240325065422327e-01
1.629760292666381671e+00,2.168232542719853218e+00
2.279305443096648065e-01,4.588725978711691300e-01
2.507727108932596982e-01,3.420733998844631696e-01
-3.690111597449283742e-01,-2.541913666096766722e-01
-2.724655155374938742e-01,-1.808140516230928863e-01
3.353305458048948529e-01,3.456767308445280462e-01
-1.244864057338862739e+00,-1.269994446187821646e+00
7.842275146402627461e-01,9.221803456446032721e-01
6.265039052946833609e-01,1.154459758484555065e-01
-1.499187973600013102e+00,-1.772263863746665669e+00
7.076431532928687540e-01,7.619484197514339030e-01
-5.495568070016979556e-01,-5.424817011238416420e-01
2.486098617073293049e+00,2.449190359795787142e+00
7.759186230487410407e-01,5.047115389026100019e-01
4.267829180128409061e-01,3.987414955254524052e-01
8.940622135949937155e-01,1.036616898924491048e+00
8.835816262609043070e-01,9.124709317558774568e-01
-4.661082458239863557e-01,-4.936999879814746306e-02
-9.627846601467965337e-01,-1.085750932483356523e+00
6.573644246457654994e-02,-4.888055721975115842e-01
-4.589074215020153558e-01,-2.787536390595128921e-01
-4.137726763976918298e-01,-1.771226859804123088e-01
-9.927853360696913265e-01,-1.111724188544253256e+00
-5.176994982874030121e-02,-1.306182775079924585e-01
-1.343481822404679615e+00,-1.565821881152888784e+00
-1.219045374904341283e+00,-1.567661668181893786e+00
-3.504028951015208393e-01,4.045946227289626274e-02
5.690489875234223671e-01,6.976701687928020812e-01
8.374961911691383154e-01,4.726147210216528616e-01
-2.733739925857658348e-01,-7.971166120763557572e-01
-1.936347808351179589e+00,-1.983990962111963574e+00
3.881892641002437222e-02,-2.747697545559351084e-01
-1.667735110123349032e-02,2.026702082534468652e-01
-1.348060215971166098e+00,-1.030245704852541966e+00
1.723253280294878564e+00,1.755420042053734697e+00
-3.544942592401896797e-01,-3.344992220120800441e-01
-1.077787477070075495e+00,-1.349194062264273075e+00
-1.367629116621411844e+00,-1.562980439761144869e+00
1.662731372455549916e+00,1.614023385514780973e+00
8.980990216903075307e-01,5.302737385997775554e-01
8.770454855994536114e-01,7.528128964532579959e-01
-2.971807679932653157e-01,-4.320728068203765759e-01
1.178224278134063496e+00,6.465901694511870801e-01
2.867013641512176636e-01,-1.733224391137947462e-01
9.359702575380827172e-01,1.016574275606015876e+00
8.171559309597685727e-01,6.747362755794320544e-01
-1.464019994451574602e+00,-2.098787248121139370e+00
-1.901186138414160176e+00,-1.537944488232700468e+00
4.040844604209557073e-02,1.187862301364640688e-01
-3.442521524702813474e-01,-6.441038425592554573e-02
-2.260079476057152537e+00,-2.537148671594298133e+00
1.183483238777912616e+00,6.358901892743098472e-01
6.195858022467929521e-02,1.313053074266994080e-01
1.356887679454731321e+00,1.513232124296518100e+00
4.544488651931551382e-01,-1.442446897921705884e-01
1.421380714079524488e+00,1.210276618081641109e+00
3.536226723840120378e+00,4.082445487814849727e+00
-3.521355811034120736e-02,-2.134317117229256877e-01
3.759603971602904493e-01,4.292356723055014700e-01
-4.570712331095376779e-01,-6.158705089310887448e-01
-2.424033959251424619e+00,-2.392792560055275519e+00
-8.983180375991695055e-02,-3.188205167318672317e-01
1.032204755601943580e+00,1.316663416290167588e+00
-3.971077516465663093e-01,-6.378436957331466983e-01
1.340432967424276534e+00,1.722304355198144732e+00
-1.033157365961805407e+00,-7.640451257715163980e-01
9.911402618360225514e-01,9.242686176536788478e-01
-6.886178015997895807e-01,-4.733674104216059053e-01
1.130258073713821698e+00,8.958839445707383886e-01
-7.941497414125512355e-01,-1.001195815979313730e+00
-9.929449836702547438e-01,-6.616174526577525139e-01
-1.879320892923418973e-01,-3.732783078282880806e-01
-7.287267908025891749e-01,-3.410058497289807367e-01
3.673184237465359492e-01,5.247379164075948177e-01
-8.460491097690339690e-02,-2.592905393836940631e-01
5.913838300258880132e-01,2.803350029645464980e-01
4.442422674231996660e-01,4.649394291744916585e-01
-1.608192880639335576e-01,6.353717504355550494e-01
-8.104800283197599597e-01,-1.437064568832827849e+00
2.762207058323817299e-01,-6.706642770439352752e-02
2.101278712928968465e-02,2.644771949329638994e-01
2.940632189335519175e-01,4.611669009726171442e-02
-7.356692255656570312e-02,3.430366980026657853e-01
8.057662468902435648e-01,7.542858918170098903e-01
6.896341711457419643e-02,2.303890299400351005e-01
-3.811036432789752237e-01,-5.964482709481864209e-01
5.453037625636717456e-01,6.703543301394676579e-01
1.028740581145095312e-01,-3.265636275636821795e-01
-1.023334090778115213e-01,-3.071910226263476207e-01
6.838145551175687231e-01,6.219218171921154781e-01
3.742694642216576884e-01,5.089982865145923352e-01
-1.807215519235646939e+00,-1.755729669036255158e+00
7.887404241425612916e-01,6.724145608121342432e-01
9.876581250501113851e-02,4.621964530817794237e-01
-1.353101267362385673e+00,-8.995320011460705700e-01
-1.468927919073718558e+00,-1.410859256322186006e+00
1.142349251314619840e+00,1.035336657281798800e+00
9.713389498649288578e-01,6.366067768580782049e-01
1.545943177242438793e+00,1.729218064249971931e+00
-1.754463494967462289e-01,3.276067815954118445e-01
1.414755932431978946e+00,1.984246027804060564e+00
-1.155678140966423406e+00,-1.149996058819021671e+00
1.047034995494365184e+00,1.015729164726767664e+00
-1.159421133165623452e+00,-9.085175914781682405e-01
-4.642493714074067378e-03,2.977752299092044086e-01
-1.106243478861793639e+00,-9.947515859824873630e-01
8.590873656292095095e-01,5.225809730591934876e-01
1.081209905667264382e+00,9.199392305935175651e-01
-1.482617522368800955e+00,-1.272477794907646675e+00
1.317530642353439196e+00,1.236285940784907167e+00
-1.819729011972759825e+00,-1.557052356035944829e+00
1.688147269526032446e+00,1.447726501917308450e+00
-4.541178600914869135e-01,-5.431356347881327595e-01
1.303191020031583547e-01,1.557813908739777709e-01
