2.398942892266568358e-02,8.622225482516691075e-01,-3.813187892334395923e-01,-9.448530172640712266e-02,7.595995146951018961e-01,8.223272163061717821e-01
-5.805463081148314330e-01,9.983095054030427518e-01,1.368481276373596955e+00,2.971449869248095066e-01,3.975917262242272820e-01,-3.549125641597145053e-01
1.099952030343768872e+00,-6.937901725664236130e-01,-1.322250681084993218e+00,4.743548308938116964e-01,-1.010373870563536364e-01,-5.720022730162037661e-01
-3.468977499150118771e-01,9.065178589287998800e-01,-3.456399774026066019e-01,1.044711098463130483e+00,1.603440586814959712e+00,6.994402100371165387e-01
1.503369474949915185e-01,-1.254462913259740908e+00,2.880461184651190651e-02,-3.525306477454629439e-01,-6.207470173862349450e-01,1.012991926030140766e+00
-5.301509700435425021e-01,9.488492420741549971e-01,-2.287763922051461452e-01,-1.745862753488338859e+00,5.355225031131159996e-01,4.279692443231808419e-01
-3.043582228801784972e-01,-1.284987986195020637e+00,-2.170103754308252864e+00,-7.429488800354860922e-01,1.150351504375784761e-01,2.644498972161077321e-02
-6.193666483114695920e-01,1.465723685793545839e+00,-6.452329999317442388e-02,1.070932423393725630e+00,7.102034213722815403e-01,1.179612478391525027e-01
5.452384379721140206e-01,-1.451637536491102276e+00,5.481750208702049765e-01,-1.729359551096636971e-01,1.223651435861628611e+00,1.665184153915773568e-01
-9.604817785628391169e-01,1.099408418221410999e+00,6.203333271115560876e-01,3.275382041567012625e-01,3.046274091970730957e-01,9.178199559663915985e-02
3.813676054929825421e-01,1.093542324002918287e+00,9.561725364418764972e-01,-6.855747627828366886e-01,1.837143556070162387e-01,7.597207144666339174e-01
1.016050863753268141e+00,-1.359473194646976246e+00,6.535541091858200202e-01,1.120430442819737138e+00,-3.534625603825821694e-01,-1.458013020811370630e-01
1.520957262792688724e-01,-2.046403178809765855e+00,-1.181285682980891094e+00,-5.497541029555670367e-01,-2.198001798814409324e-01,-1.219313706578620260e-02
-9.013693498798750481e-01,1.320139126083786328e-03,8.796909116406985696e-01,-5.661522004432696376e-01,6.789958058500360494e-01,7.801491707313703561e-01
3.576958988205637402e-01,1.081145302203176728e+00,-6.334275875832016123e-01,-1.479320751159410863e+00,1.820714568973061109e-01,1.124379266246320341e+00
-2.437578030616370128e+00,1.323627958090672907e+00,-9.382559399445249138e-02,-1.306438284918849169e+00,8.155601907489092028e-02,1.050823720565882136e+00
1.681926254428907752e+00,-1.899001478873597826e+00,-9.621348032898553448e-01,7.824310356141790379e-01,1.411750068616383746e+00,5.149438170684456084e-01
-8.693920278164440907e-01,-1.508332253610886187e-01,-4.860421988944872984e-01,2.082961750022056968e+00,-9.271910088774392156e-01,9.775888097718227199e-01
7.859537006282564242e-01,-8.562042680699052388e-01,1.219991444627115174e+00,5.515105705290860305e-01,-4.628765663385436824e-01,-2.556949802524040027e-01
-1.576840150958563669e+00,1.170501633440882427e+00,-5.190805238739296112e-02,-8.444095258390594827e-01,3.497934040280000767e-01,-6.524509339801060070e-02
-2.418252428923691189e-01,6.572892954808412513e-01,-6.224350413508814572e-01,1.752094190971051013e+00,-3.253926655108236865e-01,6.745491855201587450e-01
-1.295041376374278741e+00,-3.975127687445954017e-01,-9.349089884226533531e-01,1.703423538361506395e+00,-8.061232141197298695e-01,9.757726951447605046e-01
-6.463934125317349899e-02,2.639458325167249875e-01,-9.578890103015125224e-01,5.633831687416507306e-01,-3.566957094065533740e-01,6.242302705867935897e-01
2.769453459554377162e+00,-5.240634854917840535e-01,1.562041721895559843e-01,2.039736863570989378e+00,1.167718783577971209e+00,-3.490103512772200350e-02
-7.833746502509730814e-01,1.042375010431616067e+00,-2.512900596789671148e+00,-1.031845653303605781e+00,-5.825597788362704144e-01,-1.649237347356231842e+00
-2.867180513561511934e-01,-1.362499523108311184e-01,-1.236743433352970219e-02,1.588849047722719288e+00,-6.377576406055915914e-01,1.053106367532924637e+00
-7.927517996883494122e-01,-1.231568255324308803e+00,1.774122328337678911e-01,-1.217077306724983377e+00,1.178060996722391840e+00,1.890842798966569482e+00
-4.007029193823605229e-02,8.120546332077042961e-02,-3.584103446688385319e-01,-2.157199148947743339e+00,1.722639466481304282e+00,8.319213736923530833e-01
-7.885945916667016498e-01,4.863538784972696871e-01,-9.920610194577970109e-01,-7.120397830252102045e-01,1.432333438857060992e+00,1.052839527090501520e-01
5.670769288527771623e-01,3.041513083672472972e-01,1.001854301388872104e+00,-1.683227221522780592e-01,-8.827979645305918943e-01,6.272797254756903307e-01
1.209198212222720059e+00,-3.222067473574952712e-01,2.449043936260555387e-01,6.608992053514856080e-02,-3.749207028285627130e-01,7.475379844380327654e-01
4.750719363652014526e-02,2.053104701426545553e+00,-3.862698682638303627e-01,-2.886288698048661838e-01,1.134368747930502463e+00,9.702585840202994083e-01
1.531645450725237050e-02,-5.429600889704629951e-01,2.511231975342936296e-01,-9.138893247633761430e-01,-2.101282032689632207e+00,9.390108364568080512e-01
-1.829359944268633908e+00,-4.996473572671614183e-01,3.781206431226918907e-01,-6.907024172427729258e-01,-7.132949265205883460e-01,1.818222336912384218e+00
1.639876576271193320e+00,2.979178142255827222e-01,-2.558064583921709545e+00,-3.893597760142437081e-01,5.142697462777935380e-01,-3.686831110693839508e-01
1.345263906376004570e+00,1.696204693611683911e+00,-1.141946668514457031e+00,8.722893101450337472e-01,9.105590636977015651e-01,1.260163202941619875e+00
-1.050160457030735017e+00,-3.961295535343316021e-01,-1.411043905331571813e-01,-1.364013490458926059e+00,-1.511807615434387797e+00,1.389709981308389963e+00
-1.947777083956566901e+00,1.334849270501615726e+00,1.148928627105961997e+00,9.370985514319668530e-01,6.582197196701234931e-01,1.177927037161687063e-02
7.153697429861065604e-01,6.724793904929142752e-01,1.977645907597175734e+00,1.091025398478754765e-01,-8.022805914396224924e-01,1.735852348804808321e-01
1.999437769006331633e+00,1.523251885377988613e+00,-2.317025590504275812e+00,-1.556725547397762310e-01,7.267770094354136790e-01,-4.024423560654510901e-01
1.394944935662214835e-01,-7.029377323628752117e-02,-7.465382585743760568e-01,-2.580995771665885563e+00,-4.369622475896774993e-01,7.120311772422365237e-01
-1.088805845899604163e+00,-1.329657234201419458e+00,1.425616283481997870e+00,-2.071982169824067466e+00,2.435443016595711108e-01,1.194494311831120426e+00
5.666810783914150162e-01,1.257161007071703474e-01,8.833389704326316538e-01,1.107595706692460436e+00,-2.764995993646581218e-01,7.119484000644692445e-01
-1.038078359442598186e+00,8.706412045543457934e-01,8.936856499750025495e-01,-8.877462136380270818e-01,-1.872359834034694748e+00,-2.655315456252416162e-01
4.979699525885326050e-01,1.186919043083586311e+00,1.032156836159827673e+00,-1.097301908686439065e+00,-8.257119006816543427e-01,9.597376470933136616e-01
1.053234496810018683e+00,-6.463091246437435711e-01,1.266311811676374077e+00,8.267904166165039870e-01,-1.502993542313701136e-01,-4.640162994085705317e-01
-4.783321472252636264e-01,-4.320648515249232435e-01,1.224076898772656907e+00,1.111142525385711455e+00,-1.427703998858385059e+00,6.959977724108421526e-01
-2.683368275208254938e-01,-2.056987122722486294e+00,-4.531624663253507879e-01,1.118354678876535058e+00,1.448046193417317218e-01,1.438527779176918431e+00
-9.594554725014546870e-01,8.125356648757944833e-02,2.463011001029911384e-01,3.790928638911682524e-01,5.790889709048483436e-01,1.015877536437312489e+00
-5.168123885261247663e-01,-7.211307359346572632e-01,-6.415623186455035043e-01,-3.150660007846228794e-01,-2.885033783110877437e+00,1.085879789222873537e+00
-2.387895630179915629e-01,3.304142774633528901e-01,9.770841118376490941e-01,1.350281192977755562e-01,9.944925970132459936e-01,4.118184584431582862e-01
1.219487761398889480e+00,-8.601852558583533703e-01,3.483418459960151425e-01,2.043091806041831049e+00,1.683182887899105307e+00,-1.281436279970505909e-01
-4.724793270651508892e-01,-2.393025617708286756e-01,-1.325172059409731873e-01,5.801854538997447408e-01,8.204866341073265845e-01,1.075168109034879027e+00
5.387921822450525422e-01,-1.251766191434789732e+00,1.002543669272910609e+00,5.073736898512779536e-01,5.764289721072221040e-01,1.028153626957129529e-01
2.142126133892501283e+00,9.044154417471268470e-01,-1.481639783929482590e+00,-3.611940010726203965e-01,9.332203456892780302e-01,9.249835640516174129e-01
8.327571246458738141e-01,-5.091831834156768100e-01,-1.722815814839704807e+00,7.335031068377442232e-01,3.404751339586745695e-01,-5.215769424497045392e-01
6.258917265241005223e-01,-1.387630745528391607e+00,3.523864489221635310e-01,-5.043593621727671811e-02,-9.292478477622631017e-01,2.455795617248331952e-01
7.413298182270305903e-01,-7.872543705619720056e-01,8.154048822307679023e-01,-3.726003578595327159e-01,-1.065109185425122007e+00,1.645887043854780962e-01
-1.127292557135031181e-01,-7.046411170950109826e-01,2.684332938057593654e-01,1.892511499197960523e-01,-1.477275093804498729e-01,1.154532709345877484e+00
-1.522194400282387949e+00,1.618959586654776239e-01,1.359086287997913756e-01,4.593616764405409336e-01,-2.769030395663662159e+00,9.703713414547181504e-01
-1.224624078646648684e+00,-1.917471205829247571e+00,-5.276678346746561665e-01,4.712280724450620961e-02,-2.028893534963123468e-01,1.389456801163954314e+00
1.378332512799330889e+00,-2.233020457769447076e-01,-8.897239266381039569e-01,5.411658964888005352e-01,3.730273801440262549e-01,3.585214557904205512e-01
8.240645292863703064e-01,1.186840071967926624e+00,1.215006482659487297e+00,4.967247359240049565e-01,1.190060038206860904e+00,1.111069304335200902e+00
-5.142132303990064601e-01,9.014249902857263130e-01,-1.509032872289215177e-01,-4.224777035544170500e-01,-6.461915073771625773e-01,5.688140963205158274e-01
-4.249096051292288734e-01,-1.530838792649989788e+00,-1.892563827001951138e+00,-2.273718073664305617e-01,-1.099255923021281722e+00,1.635160720871310647e-01
2.258077099397110210e+00,4.473746157517968780e-01,-8.117860524258002641e-01,-2.284262931631280580e+00,-1.160635157989672983e+00,1.521126006350578708e+00
-2.019152872697496992e+00,-8.318465871118597699e-01,1.698346102488529796e+00,1.565743342197943866e+00,9.120795324239002744e-01,8.059185789575267211e-01
1.853064719030562912e+00,-1.204956935529454265e+00,-8.443705207452962824e-01,-1.155878105111052490e+00,-3.349592550440554928e-01,-2.601307654704345662e-01
1.031205177944873430e+00,4.158343566398372548e-01,3.368145377688548381e-01,-1.813176094458814145e-03,1.900255616470501341e+00,1.360001742434282956e+00
-1.508019038917760790e+00,-1.500310588294766712e+00,1.254308042716938854e+00,8.902458275273608668e-02,-2.417097506289754172e+00,1.121589272612872890e+00
1.274123026237671485e+00,1.159505214604833814e-02,-8.316741818839730460e-02,9.393292647272372120e-01,-2.324990343496345924e-01,9.233353609074987922e-01
1.103685129210626892e+00,1.215508299263920788e+00,5.291120403013301887e-01,3.853013920153543492e-01,-1.854825907288810138e-01,1.863543402040761965e+00
-7.891971699560141884e-01,4.296276012786587328e-01,-1.450749094002008466e+00,1.281049076138363940e+00,-4.194632002819888017e-01,-1.305064121300992253e-01
2.406898106494387568e-01,1.404043378440733569e+00,-1.169650549878636481e+00,3.210524487265832838e-01,-5.040170258089743394e-01,7.062444529041388419e-01
1.420039725800653629e+00,-7.389830765318688988e-01,1.135550765376503790e+00,4.280690813895917657e-01,1.392833545442775378e+00,-6.395756116552940851e-01
1.210938204387951855e-01,-1.089267965606826705e+00,1.117784606308189987e+00,-7.775668920086996616e-01,-1.790517898957876275e+00,3.196251766998735588e-01
7.075958732463392131e-01,-1.276359680977712241e+00,6.855421297233877942e-01,1.352522333511708919e+00,-2.146565022314788074e+00,5.033565547018399589e-02
-1.657494544899872357e+00,2.398291878187671866e+00,-7.391956262287480151e-01,-4.575024473695787353e-01,9.157157449293426218e-03,1.488317451768803812e+00
-2.514389037843002050e+00,-1.801377456856589010e+00,4.467749688517300144e-01,7.265052747262522592e-01,1.652747528736326466e+00,-2.086633512001084545e-01
8.611739275213057265e-01,-4.818348432557378880e-01,-3.901188491102207667e-01,6.675268794257429583e-01,5.968417802626144741e-01,5.110797247371755558e-01
-6.523279042066518763e-01,2.239647052951701869e-02,-5.709410780052422973e-01,-1.642872043443861507e+00,6.228112099008901170e-01,7.633402736540132461e-01
5.726317521425675627e-01,2.010547020252237693e-01,-1.263582636004821458e+00,-4.472630235460007819e-01,-5.514968665582958840e-01,4.024235976695556549e-01
-6.374999002856457375e-01,2.000907872616856376e-01,9.780514863005145276e-01,2.640666206220573242e-01,2.982941210733809911e-01,3.979027526400485404e-01
-7.073470422613620245e-01,-4.341577449770321895e-01,-1.307908139900226363e+00,-7.810289113384373261e-01,-6.457320821824655832e-01,5.212422828136754616e-01
-5.634962667726953756e-01,9.746203929468383320e-02,3.876489315078220921e-01,-1.584324076695099670e+00,4.692905000628326828e-01,8.973515647437666498e-01
-2.209256207614085366e+00,-3.746883149770009747e-02,1.082298660202952290e+00,1.581526299390434709e-01,-7.267235643115047550e-01,5.862830853571975309e-01
7.588985945769572972e-01,-6.204372724023953234e-01,3.147338675326485924e-01,-9.048812039200792023e-01,7.999248775140579415e-01,5.494222011615386148e-01
5.127843810097688637e-01,-3.222842180782615196e-01,1.441093816894862822e+00,-3.322084890164412885e-01,-1.733755724400967368e+00,-1.033432629985655687e-01
8.542596640379452877e-01,-4.966976008045310281e-02,9.197099962565089548e-01,5.504060323280806077e-01,-3.637098079228466840e-01,5.807136822815213151e-01
5.991581640705171408e-01,-1.986973111470665909e+00,2.360175409848202399e+00,-5.653957075195942955e-02,-8.646742398307441513e-02,-1.748880507869631007e+00
5.197262471312149579e-01,2.271766641514831875e-01,-9.054799152871235712e-01,-1.256293162316142187e+00,7.088341524238495062e-01,8.412025328375026811e-01
-1.189369305591168491e+00,1.403646638959352710e+00,1.772539035701053534e+00,1.131340009805884783e+00,-1.370440043545990250e+00,-1.141792823081478669e+00
-7.817006706445700503e-01,-8.883461756068178339e-01,-2.010927623709767520e+00,1.106160152070542635e+00,1.490065891148813382e+00,1.672589936166292701e-01
1.247677048537206623e+00,-1.318216886376098462e-01,5.079970668837862080e-01,-9.146698858774021668e-02,3.117982299285049774e-01,9.109256304916553137e-01
-2.000579861149330008e-01,-1.017625246676562512e+00,-3.329474862111024280e-01,-7.295119710514865741e-01,1.048104575329301458e+00,1.253609261536902775e+00
1.405527120066482061e-01,1.750942630581506121e+00,1.023834607982774259e+00,1.449022796251078660e+00,2.678147638233264738e-01,7.755752816911405390e-01
1.111862392965729668e-01,-3.672473560843892981e-01,-8.445055134669838814e-01,-7.486867273867382488e-01,8.644248318116658503e-01,8.091173514177560921e-01
1.006988752151281474e+00,-6.843528826087041939e-01,1.232740433424990290e+00,3.748558677072326706e-01,-6.582060191676892824e-01,-5.093216823457350495e-01
3.643790565221221023e-01,6.844611955871798825e-01,1.889920395493480954e-01,8.920173967665121495e-01,1.896510486737005285e+00,1.370412787435650204e+00
1.974228503193768969e-01,-1.201683610132361135e+00,-1.856637818898873860e-01,-4.536253301120846126e-01,-7.488632058329727226e-01,7.610118556180933691e-01
7.775230330333063877e-01,8.101257941773126747e-01,-1.426481137974522584e+00,1.701034056238772893e-02,-2.642399250348270723e+00,7.613956247167024127e-01
-3.511995008922140782e-01,1.770494424097665220e+00,8.326231191933929077e-02,6.336608239160260725e-01,-9.911849445798242009e-01,3.862961279084090038e-01
4.162094677569191381e-01,-2.474054582780018219e+00,1.940252119611071802e+00,7.464991312218796637e-02,-5.614550676244283167e-01,-1.163877826424135620e+00
2.785195665262026332e-01,4.557290105950311254e-01,-1.526835789600080373e+00,-1.439451134785125319e+00,2.909004712034281015e-01,1.984646606607555486e-01
-5.630606010181090637e-01,1.715578971540260955e+00,-3.485156931774324035e-02,-5.217461537364472823e-01,4.329586190011312508e-01,2.476577436097643914e-01
2.097584502924399741e-01,-9.731530625296551662e-01,1.632745545658305764e+00,-4.040448420380971517e-01,2.981819471877191319e+00,-1.793184433333885330e-01
-1.250963307522975354e+00,-5.920974473345936434e-02,3.209447023837223578e-01,1.743958297196733787e+00,3.161041053124370448e-01,9.828654438873135613e-01
9.973244605977678034e-01,5.057027645339171595e-01,7.275653606678095242e-01,-1.352231535197688794e+00,-1.612960816429215516e+00,1.186880519622761421e+00
1.593097957125259034e+00,-1.341187307830627728e-01,-1.912660808646023058e+00,3.330639602986218972e-01,1.779684529851137231e+00,-5.687038940000322951e-01
-3.264229174145365509e-01,3.025309667052451801e-02,-8.395387962451633657e-02,7.632161401131545286e-01,2.151819436633425897e-01,9.305987175851904158e-01
-9.645458696106574970e-02,1.332669856121899477e+00,-2.597522136426106965e-01,-1.727990627197102946e-01,-8.779770795575046749e-02,6.657912259320836190e-01
2.249779933238010565e-01,-2.269746801791391100e+00,-9.736490235577701657e-01,-2.407844056707547920e-01,-2.430343218224853830e-01,1.268041622903905430e-01
-2.367338631528658477e-01,1.267567621646927378e+00,-8.216282789024577371e-02,4.020456817371907410e-01,5.239986725875562801e-01,8.544328840606307818e-01
2.266638355666105720e-01,-4.557678125239183475e-01,-5.695845087832974718e-01,-9.498356115365623742e-01,-2.271184528309971640e+00,7.162423064689736885e-01
7.048961978221071067e-01,5.154881476279957742e-01,1.046036483570284892e+00,-1.596435455772104550e+00,-1.486969835264768947e-01,8.735082724232058338e-01
1.522823518767008277e+00,-4.084953870955225219e-01,2.937626974552208226e-01,-9.058451593892260512e-01,-2.363358492296387059e+00,2.145195120915649178e-01
-1.035379684131911560e-01,-6.962314230455319830e-01,-2.760246935007321448e-02,-3.227619494154333468e-01,3.810022343843784687e-01,1.001674040682605238e+00
4.007327136311319982e-01,-6.539516029305884048e-01,-2.016810155697792872e+00,-1.783910864093191384e-01,-1.615710125250334750e+00,-6.477232892667479369e-01
-7.186061066002921160e-01,9.200358164987681997e-01,-1.798203321607529048e+00,4.068127523913343535e-01,-1.056558125292494932e+00,-7.251955978321225071e-01
2.368491135193126207e-01,-1.023636737013628867e-01,-2.510422644869568232e-01,7.662217694816051416e-01,1.451668827365780456e-01,9.871159787489263149e-01
2.846488555994201031e-01,-6.264735031374708552e-01,-9.270382859784607188e-01,5.681759707514865143e-01,-3.827047270699946990e-01,3.420429469081335272e-01
8.211082197102869129e-01,1.130536186241417745e-01,7.392183949903428086e-01,-1.210098492393792524e+00,2.998152243928613014e+00,9.090812764701013959e-01
-2.043519659957185874e-01,4.089768724558353052e-01,3.270882265843462200e-01,-8.201702347141583971e-01,4.101685930093179056e-01,8.589868591972926737e-01
-1.350600196946463383e+00,-4.418595966632392069e-01,1.726977038043170654e-01,8.435586192795192506e-01,-3.676613212696145383e-01,1.630848698028808164e+00
-6.059007809718970627e-02,1.402699654057451839e-01,3.415349818184211794e-01,4.415887626308248604e-01,1.517450063420223039e+00,1.008226728956907126e+00
-1.561105534921473303e+00,-1.159741573369429402e+00,-1.171718002980806528e+00,-3.256927763772918261e-01,1.357972174240790864e+00,1.332181124230579217e+00
2.132794802932205247e+00,7.058913606133172536e-01,-8.823397651695545629e-02,4.603435239880560581e-01,1.419731630184646765e+00,1.947740489357776772e+00
1.842140766834001742e+00,7.717860354442942494e-01,2.995536468050211121e-01,-5.198875759203285263e-01,-5.367138298098208526e-01,1.880075826334297595e+00
-5.000425936086998896e-02,5.973654614034735744e-01,6.035082272557595884e-01,2.031011517996714311e+00,-6.589996662808942363e-01,7.388145088503627056e-01
-1.342656573211935767e+00,-1.713080711117843880e+00,-1.355224111872507908e+00,-6.794475660157146546e-01,-8.262529177880706399e-01,8.582695908013264763e-01
-6.349099554765971209e-01,8.895763638330229650e-01,1.075172603388856230e+00,-2.673251060303553084e-01,1.748301871585713929e+00,-1.805200252398422162e-02
-1.077725543313567957e+00,1.063071862156812042e+00,3.002588121946005439e-01,1.144934938104775757e+00,1.032777126646150290e+00,6.992041142528174213e-04
6.521998587164500316e-01,-1.799986960997393692e-01,6.052765840774535500e-01,3.716132444803469936e-01,-1.499967254355423496e-01,7.064131894603126183e-01
-4.182441054924997993e-03,-5.010715780143797371e-01,-1.041970631522604496e+00,2.359403913557267876e-02,-1.206788995323464231e-01,5.078630324845209154e-01
1.499931430732900139e+00,-2.786881603060775703e-01,1.774811111694549970e+00,2.781157778610797937e+00,1.737072899492444200e-01,-6.674759648391147548e-01
3.010101208713467646e-01,-9.587168875089110420e-01,1.378191446689463584e+00,-5.723180322789643837e-01,2.280842120988419541e+00,-2.050718971846048899e-01
-4.785546184085303634e-01,3.349642265554207965e-01,-4.190369155972595849e-01,1.136000122852655947e+00,3.267952988997802621e-01,7.364998306476339129e-01
-5.790640904082019480e-01,1.113785295159299693e+00,2.715385666482379445e+00,1.470453756508685039e-01,8.994433227947865594e-01,-1.461705887694889627e+00
-4.741194455216657944e-01,7.378967301293176684e-02,4.238486708468494069e-01,3.056254301964718700e-01,-2.138146169200803165e-02,8.365820211150691854e-01
-3.757902726505935598e-01,-8.190409258562098005e-01,-1.879639640900524711e+00,-9.701437858548461746e-01,1.264561242893763371e+00,9.132802640092664570e-02
1.213252485223278998e-01,-1.362000700702355127e+00,1.364068638615598683e+00,3.541174226525665714e-01,1.928176074071341617e+00,-1.818011104298547509e-02
5.348435839653369744e-02,-7.460183172364049931e-01,-5.419399227919281525e-01,-9.409967852785220410e-01,5.474954591060754439e-01,8.852717288236034987e-01
1.223687269846683856e+00,7.287413551918302534e-01,-9.568759504625231616e-01,1.415135349912025609e+00,-4.412912192209088036e-01,1.247014972912529718e+00
3.190174335187624943e-01,-1.718653116607635201e-02,-4.177846770789517272e-01,-1.116707216622740084e+00,-1.165122359119509010e+00,9.104259440746221843e-01
-5.114356103037346335e-01,-5.876538434694996704e-01,8.692893679637905269e-01,8.997006369152590333e-01,-4.323829127833461738e-01,7.615874113854175231e-01
4.992364945781889163e-01,1.106962645885089414e+00,1.898228457507512124e+00,-2.461496656843354669e-01,-6.892970907425063354e-01,2.404814698579743892e-01
-1.751487366434436588e-01,1.597888991210980381e+00,-2.619087120956888337e-01,1.100605037389979390e+00,4.908553360774642882e-01,5.824118811171549170e-01
-3.957355474988126232e-01,7.125463047551062745e-01,1.240570910788102443e+00,1.066856527451323922e-01,-2.438861669367240470e-01,2.215077288750276208e-01
1.135310443994372420e+00,-4.383077273306617561e-01,-5.171888412472598340e-01,-5.262620989209024769e-01,-1.343036911166508585e+00,3.683867104950054872e-01
-6.092353801664118773e-01,1.185291250651886230e+00,-8.650078651904894445e-01,1.901206673332551667e+00,-6.479928430726299426e-01,-4.794247129688290060e-02
6.724799146601418975e-01,-1.617373959477741874e+00,-9.684559674044310729e-01,1.907324389376987561e-01,-7.610684325440654208e-01,-1.552543926010724329e-01
2.436429184026550621e-01,-4.287296014626472695e-01,-4.265670616752551547e-01,4.941152576871971625e-01,1.811777814909360851e+00,7.603361882877999189e-01
-1.532071476527458787e+00,1.091971430283271705e+00,1.723926252960987157e-02,-4.319445803328438305e-01,-1.019649348747708295e+00,-2.945227086905534766e-03
6.065680994263226156e-01,9.715242651034227128e-01,-6.776153366677079015e-01,1.013476815501438200e+00,-1.568454469145371677e+00,1.269273948934418916e+00
-1.664371735747225967e-01,-1.464747268281742842e+00,2.591538349257608287e-01,-1.297184658247985789e+00,-1.354514054660726607e+00,1.088603388149050222e+00
-1.091456926951076767e+00,-7.751112591734193868e-01,1.496274744375626575e+00,2.038557912720323495e-02,-1.609443326455983203e-01,8.797178309283596453e-01
-1.148370369672925495e+00,2.385049934371426539e-01,-7.036802814784502980e-01,-3.656008004112847876e-01,-7.554119161746011279e-01,5.959217883625977930e-01
4.139894839035989649e-01,-2.203819092609145880e+00,-1.332907524548972988e+00,-1.135678486328239423e+00,1.440947021987449617e+00,-4.465929868967088989e-01
1.177817828872228301e+00,2.283944334649941510e+00,-1.166208651195990292e-01,-5.566833869380564126e-01,-6.208075426874483105e-01,1.394941685719807811e+00
-1.030831858333521867e+00,5.657367298094831964e-01,-5.699205491073555674e-01,1.382755532358041162e+00,-5.827202585162776227e-01,4.121742041649852917e-01
-1.801442073572039559e+00,2.128723210726615189e+00,-1.555834912991033159e+00,-2.921417564871419126e-01,-1.567516105909421364e+00,6.229206909436149076e-01
-3.503328242019618233e-01,-8.862672670602413094e-02,-2.771909607722574886e+00,-8.016909714728510661e-01,-1.193113226804901394e+00,-8.921966224298787385e-01
-3.400942124266733563e-02,-1.009104029917310130e-01,-2.059594549045826450e-01,-5.270894025825028084e-01,1.739017676611818386e+00,1.115590668781137662e+00
7.250476026839721699e-01,-1.555886645693097314e+00,2.522805490485461877e-01,-5.912592957457047937e-01,2.470748713505906413e-01,-1.325560589318389992e-01
-6.053075424337324151e-01,1.190520547458710388e+00,4.217417626657226082e-01,-6.221748711930228382e-01,2.141792733974045237e+00,1.681711183702134238e-01
-2.353574546337507956e-01,-3.599583978374881754e-01,-1.044390933901258700e+00,-1.659149995590908588e+00,-2.063258070073589412e+00,5.427930339867620413e-01
4.912785921214005147e-01,1.963941711888409769e-01,-1.232100846270378636e+00,-5.421277424805594908e-02,-9.894176758460865306e-01,3.150325542134642665e-01
4.125501751620941904e-01,3.533298540786672381e-01,1.351834559435584726e+00,-1.024497661126184012e+00,-2.352978417100402286e-01,3.692986908398666057e-01
-9.799738009817239304e-01,1.446000038698162848e+00,1.593519060552875510e+00,1.349084094136943746e+00,-1.980391172243819442e+00,-9.847191286119065801e-01
-9.354457875820162416e-01,-1.423379803171158642e+00,1.305929517433407350e+00,6.664490348487069893e-01,-7.297152366317976036e-01,1.272586254181896859e+00
7.590643010108394373e-01,7.972536506116565391e-01,-1.780682196225363834e-01,4.369134850988010133e-01,-7.254654057274974033e-01,1.614472603244545557e+00
5.027335926885446726e-01,9.891035914763678383e-01,4.353040806857316203e-01,-4.564529580437325929e-01,-4.113027433931386589e-01,1.418116386312983312e+00
-9.896423886314713592e-01,4.354021084599118963e-01,1.722033384326629724e-01,1.135082316378606571e+00,-2.566091386645259487e+00,6.646656116304163753e-01
-6.659122747820892529e-01,-1.212407807180497121e+00,-4.140050027738163552e-01,-1.214366544197917230e+00,-6.300937882088378794e-01,1.455554140354400561e+00
1.198471586761652219e+00,-3.868315755813506174e-01,-1.269103323728500321e+00,1.775626497364335865e+00,7.179266204806157292e-01,-2.892144264427246592e-01
3.137802237030342528e-02,1.374138630771790659e+00,9.647364799226494370e-01,-4.857572670124606362e-01,-3.936468458679645566e-01,7.101240326795709157e-01
5.809282776408265514e-01,-5.551168593316054833e-01,-3.542530157581339489e-01,-6.220339511282123590e-01,1.906461211903957564e-01,6.101274307617735593e-01
-1.057580662746343991e+00,6.687368322068020232e-01,6.322848935170334306e-01,1.594860608741887065e+00,-1.895567305782443146e+00,3.126521761739932681e-01
2.269662577036809292e+00,7.526394107882550255e-02,-9.237242912614422874e-01,-1.195679767901312474e+00,-9.204559004020308466e-01,7.605263792319907346e-01
-2.272429252598869853e-01,9.285017115628558804e-01,7.761154039300984797e-01,-1.146597372148540739e+00,6.011649846112800955e-01,4.360120318346109025e-01
1.705977003342869169e+00,-5.130214448118082249e-01,-7.762925993054435869e-01,1.047472130047570060e-01,-3.981667422910967757e-01,-1.364944884614287812e-01
-1.421953338680905121e+00,-1.960271322687799689e+00,5.334160117807834611e-01,1.299675171049438083e+00,2.386370958417078636e-01,1.251126460937185048e+00
1.375784167055825957e+00,-2.962543670935363083e-01,1.024738997160152154e+00,1.047309684608925817e+00,-8.000805213817143713e-01,-7.937362815013296324e-02
-2.041263066799136813e-02,-3.202615317288343699e-01,9.464215790048612353e-01,3.543459080148056266e-03,-2.614391844452815250e-01,4.827244675389698036e-01
-1.491106637330339213e+00,1.323949866215398119e+00,-6.771056497330307788e-01,1.370250534568847600e+00,1.176195530764235553e+00,1.619575121893923608e-04
-9.011340167243270249e-01,4.452587226889916927e-01,-1.223738031380075642e+00,9.825288786719433842e-01,-1.789654439641415573e+00,-5.064046477685935077e-02
-8.853938420505627072e-01,1.047073618259120265e+00,2.117965836904778520e-01,6.840304905560022908e-01,-2.033288321779693764e+00,2.546635310769711502e-01
9.726630412066858966e-01,1.131485992788728412e+00,1.504887884475635818e-01,1.347590858749711407e+00,1.639989528761719217e+00,1.902055186874351156e+00
-4.598824787630933497e-01,9.332544882932622410e-02,-2.953107680181680239e-01,-9.845122077152007600e-01,1.440744188280551619e+00,9.042390905843481486e-01
3.317876697913407225e-01,-9.037431927161873046e-01,-6.209803476884941942e-01,-1.688654251494339231e+00,-2.414062314289368238e+00,3.737712749161564152e-01
5.982512641629182670e-02,2.570436800857048287e-01,1.341057340066705850e+00,2.044251421913002575e-01,7.867438973044429407e-01,2.634852536617239838e-01
-1.090160394948685163e-01,-2.332516997989766416e-01,5.303096824957257427e-01,-6.335414811680232725e-03,4.108305740806044715e-01,6.966737227583470471e-01
1.096046139856648727e-01,-6.426629964126000238e-02,1.538985027515367143e+00,-2.360592664219852421e-01,-1.893815851282724338e+00,1.362265357032397817e-01
-1.947988296861402180e+00,-6.744256344194866637e-01,-4.236874324734344471e-02,-1.739856881091434104e+00,-2.509817257227726195e+00,1.939037343179010220e+00
6.359364647084755351e-01,-2.568313744045629399e-01,-4.299359043209480813e-01,-8.316898993379645555e-01,1.625634824980438875e+00,6.521216182518290161e-01
1.971832653379721190e-01,-4.254265668204082473e-01,-1.530994191900539869e-01,1.622880804023199008e+00,2.165327259054338427e+00,7.966070140305331337e-01
-4.936287731194363704e-01,1.029287826069691159e+00,-6.393036448288619278e-01,1.117513757696362992e-01,-1.047471543745093880e+00,1.973067923580261174e-01
8.296503079036942063e-01,1.232778157847001177e+00,1.438844160421401508e+00,3.778166378785718371e-01,-6.197608205233799961e-01,9.315901303553578705e-01
1.317785589454367745e+00,4.698140557662587591e-02,4.730891438290137363e-01,1.327208055385274088e+00,1.707392034437699602e+00,1.067187489657249300e+00
-1.692389359042450192e-01,8.191371814169327026e-01,-3.301390134099488338e-01,2.911314813630953569e-01,-6.860432140153399638e-01,8.182359613387807373e-01
-6.060956546378070131e-01,-1.772353112998580338e+00,-3.806295293088921561e-01,9.029436161271425787e-01,-9.665495238678645240e-01,1.754322231492344120e+00
-1.040912513861586008e+00,-4.144668279319164705e-01,4.066763829259003038e-01,-5.704286989431240906e-01,1.392458916585526119e+00,1.320490298746337388e+00
-9.727129076527648577e-01,-6.732696454751549431e-02,-1.065581851634911592e+00,-3.018779844180482508e-01,4.674490608388351745e-03,6.369858994411331521e-01
8.470851216003663087e-01,-1.681452067584829901e+00,-4.421122127790949596e-01,7.055874292288483174e-01,-1.359654457471251465e+00,-9.548682663925944780e-02
-1.092182064201812297e+00,1.236786262947562332e+00,1.239641481922453714e+00,2.909930758974710319e+00,1.711943193793920903e+00,-4.763087478951397724e-01
3.828462733029611154e-01,-9.047222449593340654e-01,3.034980951015029960e-01,-1.186314362003752232e-01,7.204797460775408391e-02,7.795520136997040606e-01
-1.851564156225431745e-01,3.314309566287896858e-01,5.565628751670034235e-01,3.644549983919707081e-01,-3.072440770336074545e-01,5.384864628827953359e-01
3.653606953918234895e-02,-3.985853108147048296e-01,-1.804901275974075014e+00,3.115514783484075734e-01,1.553526645164475806e-01,-1.953665524784473362e-01
3.567742172846334325e-01,1.132986692910961990e+00,-8.715826298727220589e-01,-2.578117318663852506e-02,4.062805741835694984e-01,8.950123474387738920e-01
-8.365348716647458271e-02,-7.020988401084876651e-01,9.724049844752443716e-01,-5.457897803942503012e-01,5.076452805466897568e-03,5.859821524013610894e-01
-3.475933809041693023e-01,-6.158996381520566166e-01,-3.239795311980327441e-01,1.090527418368500145e-01,1.457447535567972574e+00,1.262129144212954746e+00
-1.328699297204256613e-01,8.069690777905125234e-01,-1.384971497074882985e+00,-4.214657970002397835e-01,-1.138290184102189739e+00,1.271063875864037462e-01
7.883064485621030792e-01,8.633023929204606262e-01,9.121655835919364463e-01,-3.104464458768838586e-01,1.898268789080545249e-01,1.249757806146656769e+00
1.349014401160764320e+00,-1.977206538198395813e-01,-7.964700407500372448e-01,6.124975277943499608e-01,6.193034669586968688e-01,3.971168507949244253e-01
1.104220646335325184e-01,1.565978962329606761e+00,1.523227820101332175e-01,-5.242571611854311975e-01,-1.203083051597829911e+00,1.213708817896377079e+00
-6.946910351940608352e-01,-9.002249744317213365e-01,-4.092557790472030055e-01,-2.001042145963479180e-01,-8.114909279005198817e-02,1.720389765159446416e+00
-1.259136632159530089e+00,-3.207944393662379712e-01,-3.541533763364048681e-01,-7.820165125706557419e-02,-4.537485547903368222e-01,1.232794245000368605e+00
3.055969201368423427e+00,6.250400040047608963e-01,2.352862375204212431e-01,2.756503120156021946e-01,-6.040320883239789218e-01,1.982281257815171838e+00
5.225819596103232767e-01,-1.957614900564643157e-01,-1.075952423631208799e+00,1.134588434374951937e+00,-1.556484559724866212e+00,1.446863223474006421e-01
1.197234818653173383e+00,-6.136048013993732342e-01,8.217227763847030353e-01,-1.623184234415800065e+00,8.947856902791273548e-02,-1.634033972573048499e-02
-2.970362000377666997e-02,1.518297595533161792e-01,2.660349783891075570e-01,2.951639834359839898e-01,5.482501559765255994e-01,1.032834625144535279e+00
1.027138465740375928e+00,1.158835300929160983e+00,-1.966083017812269906e+00,7.525076955877740836e-01,1.216249901984320925e+00,5.926733503657457547e-01
-4.049002057239592389e-01,2.162995850864787961e+00,1.351832807632134204e+00,7.698402593622928336e-01,-4.743750697219154544e-01,-6.705186946307695184e-01
1.305365475115194684e-01,-2.414044668252690318e-01,-3.324769571991582628e-01,7.263085423728907752e-01,8.439841283488744850e-01,7.945476063117570265e-01
-5.901668620031711443e-01,-7.469341563462722489e-01,-6.238687970462285515e-01,5.868611203036838697e-01,-1.352522947630345751e-01,1.279187818891977191e+00
-2.110525484374841110e-01,-8.712313141087156820e-01,-1.575171858725148200e+00,4.886375011888061115e-01,1.586960690306289945e-01,3.077823802729927616e-01
-3.881934818679894095e-01,5.472190156317512377e-01,-1.597313570156674745e+00,1.191895855573773089e+00,1.267793090484455210e+00,-2.824670881589512739e-01
-1.634279942487472992e+00,5.060388175795209609e-01,3.519342586008073481e-01,-2.379265545108900926e-01,-3.735072002589651663e-01,2.446298978505293542e-01
7.367026184672620381e-01,1.076406435190941480e+00,1.064979758495558787e-01,-1.911303800251857310e-01,1.008887066498215468e+00,1.776875376737629741e+00
-8.015314527285606339e-01,-3.686576776268123967e-01,-6.478876598224668770e-01,-1.969285291288798589e+00,9.075913995947021418e-01,1.154445403940222326e+00
-2.821264127205229233e+00,-7.045349405613833271e-01,-4.807316106713012127e-01,1.996581956273211667e+00,4.667264763006708783e-01,1.800871584395249192e+00
5.841285842784178506e-01,1.440149747290032867e+00,-1.021075374550090453e+00,-4.735171954071883960e-01,1.278445948930621245e+00,1.208020428999263984e+00
8.862018697695615010e-01,4.819656873144140263e-01,2.046056880593091765e-01,9.028082744179110053e-01,-5.272361959992688529e-01,1.546866452765271571e+00
9.137538273518556187e-01,-2.716177179132627795e-01,-1.722389198860613035e+00,3.497790102707417637e-01,-7.621791211719025627e-01,-4.931222309353336941e-01
-6.136113247583416808e-01,-3.197572430144710737e-02,-6.019523349447963856e-01,-6.878633396774665176e-02,-2.507541811084219030e-01,7.874448132584205284e-01
9.155556793742161137e-01,1.773691216605844057e+00,-1.313071040848567073e+00,1.191222710384758132e+00,5.170530017721646221e-01,1.276144006629731376e+00
-6.180167317892097945e-01,1.179471186460617771e+00,-1.633973552049012179e+00,-5.287715623695768974e-01,-2.282822989758408916e+00,-7.182282188263654499e-01
-7.015649334513048840e-01,2.095386282871576356e-01,2.042758876787815481e-01,4.325221475415590849e-02,4.707026961680915722e-01,7.951135699403640844e-01
4.928353433838173481e-01,-1.549291655301441084e+00,-5.300640816694867086e-01,-1.092052905157342435e+00,7.171730943839189631e-01,2.953676264675740293e-01
5.186085703032876637e-01,3.910567472035696990e-01,6.658565909159964713e-01,-1.121091644868431159e+00,-1.505714704972533458e+00,8.680336006950484240e-01
-1.202585291333968964e+00,9.953012055047559190e-03,-5.323278629355641112e-01,-9.850465739555543110e-02,1.801108135348007622e+00,7.375151487768160097e-01
-7.363339489659645465e-02,6.040379178260633919e-02,3.423195121410794739e-01,1.540095098209178504e-01,9.130979465283680652e-01,7.944572207435762756e-01
2.503309838824642752e-01,-2.126436040571357378e+00,7.349588133891662434e-01,-4.553646929653253905e-01,-2.901413657245936473e-01,1.076426270786079442e-01
-6.711242268369880248e-01,2.058814170800413734e+00,9.103508960912267689e-01,-1.071751118853122024e-04,8.588780006843880210e-01,-3.740337475386889543e-01
2.962791152958534902e-01,1.466258027760404925e+00,-1.903508681457271035e-01,1.459516164519448544e+00,-3.796602293291503546e-03,1.373228405046175382e+00
-1.115935531885227983e+00,-4.963687483686099466e-01,-1.136427822930389020e+00,8.370965303249010558e-01,-1.928439051033042251e+00,8.487216105373629471e-01
-1.241311960749632431e-01,7.016558411612230373e-01,5.145362765835087560e-01,-1.103269864817883195e-01,-1.690897691055151864e+00,6.556956440260044428e-01
1.915177381255142031e+00,1.011881737421172600e+00,1.301805932916070274e+00,-1.058699624415583740e+00,-1.658654115474254287e-01,1.239343627330216524e+00
8.511090398448000194e-01,-6.887014594799238942e-01,3.417186963512328091e-01,-6.952202454035302237e-01,9.345446002768704741e-01,6.533258719306025419e-01
-7.877790653095604334e-01,7.264508977509273602e-02,9.383904793035403868e-02,5.285053450751345944e-02,-1.141846450379376127e-01,8.877356571079942915e-01
-8.230358576951803951e-01,-1.153213971975520113e+00,3.939150471205969672e-02,1.250174584708555692e+00,-6.068187561697163668e-01,1.643661194103108292e+00
-5.700814836167502619e-01,1.480354931471590030e+00,-2.464338960502589770e-01,8.781587103849388676e-01,3.329390826462959030e-01,1.330164126907027455e-01
-8.185366219133194399e-01,-1.386418251298111803e+00,-9.138275964176340027e-01,-7.628289040660354292e-01,-3.220482993334604638e-01,1.464784246628504594e+00
-1.584183917044049927e+00,-1.085595109817290571e-01,-1.686470770772861838e-01,-9.791397152642736246e-02,2.206006892653241680e-01,1.064012008037862778e+00
1.335615610062664826e+00,4.008881124654291583e-01,-3.859213744340705965e-01,-1.016181532829028011e+00,-4.032149192377386393e-02,1.430609200294811645e+00
1.493202737795146451e+00,6.615573811571141549e-01,7.002449272804361913e-01,6.166189600412812222e-02,2.033388505030181981e-01,1.592478133118403694e+00
4.043453604619849373e-01,-1.294100352508372298e+00,-4.544089384353189875e-01,3.477451130734530993e-02,1.287353416063471423e+00,4.165596761782155988e-01
-8.425606901106075242e-01,-2.891354584815255743e-02,2.003640167382477466e-01,6.482996043660803689e-03,-4.598716426214206066e-01,8.673248724500092210e-01
-1.001125033173249745e+00,9.566311128825119026e-01,1.871984593730926960e+00,2.294947140848240252e+00,4.813548050344801377e-01,-1.180776389175874908e+00
2.467409365147507291e-02,-1.028846492767606424e+00,2.693079931967932716e-01,-2.342730338255959999e-01,1.582544030235457089e-01,7.751141635063112378e-01
8.062242530124178463e-01,-6.964870225889313593e-01,3.205369666898905123e-01,9.160758225925432763e-01,1.901914542884172443e-01,3.564325318496953110e-01
8.014180445285068455e-02,-1.410722600003521565e+00,9.753853465200653661e-01,1.798519181966581115e+00,-3.421870739459566962e-03,5.957790066366563941e-01
-1.285426090218374062e+00,-1.433858443151655004e+00,9.110933631908417762e-01,1.289774790075365996e+00,-2.847847373546041339e-01,1.473839485226492219e+00
1.193343873634987062e+00,1.173758805220828760e+00,1.981920230208283895e-01,-2.406237161042414474e+00,-1.686304082309281416e+00,1.994103078528581374e+00
7.351623124413577681e-01,-6.318075614136300366e-01,4.017974524344500309e-01,-7.515520392026843188e-01,5.742832197272564054e-02,4.705960266389954683e-01
3.100539407938912584e-01,-1.610597420027540361e+00,6.163005320622415573e-01,3.834028655651982587e-01,1.221139072564489059e+00,3.158327767104177619e-01
1.069518523317521286e+00,6.808487258054533031e-01,-1.173099963573318583e+00,-3.667702919185382160e-01,-6.020961495853061063e-01,9.608888188241093697e-01
-1.374836470125040844e+00,7.196912727153791378e-01,6.506966934941790792e-02,-2.435312383479448228e-01,7.260088612301253130e-01,1.994252497201168817e-01
-3.659136764444808065e-01,-2.080380805929442911e-01,2.117641630614527148e+00,-1.166478867907846384e+00,1.663247226829406733e+00,-2.907861057629829715e-01
6.471451504097106566e-01,3.473918323735564195e-02,-6.292459581412949143e-01,-2.285066991379380408e+00,4.343271521656731915e-01,8.525507172004199719e-01
-1.390215869080306144e+00,5.761098472454687647e-01,-3.347745921818813253e-01,-1.004571515654751446e+00,8.041339798429368857e-01,2.731047508458637196e-01
4.614412284049942414e-01,4.045117542818282286e-01,-6.521032452198093354e-01,9.872288058361007312e-01,1.541337363614024847e+00,9.111331553166893693e-01
-1.514060370404499145e-01,-3.090123979509560304e-01,8.375562712680870714e-01,4.464082326977905080e-01,2.712261030074538670e-01,8.068636448749618717e-01
-3.983841684522275717e-01,6.998062730693559441e-01,-2.246184366854901082e+00,-3.277487071556448028e-01,-2.223833839272986238e-02,-1.022518821926603039e+00
2.720773534022851714e-01,9.558509030115729388e-01,7.964342617117668999e-01,8.614523758041748858e-01,-1.359059965826060479e+00,9.354912579400905814e-01
-2.229108341968321638e-01,5.116143286257359701e-01,-2.036969225973041808e-01,1.153928068511085758e+00,-4.004187630679621468e-01,9.289479925717679665e-01
4.247160223341003293e-01,-1.058853491768947164e+00,1.757835940581879419e-01,3.203738109794095346e-01,-1.920148042768618224e-01,6.075193189495091683e-01
-3.569263671328359866e-01,7.609286609220780422e-03,2.140131387168290600e-01,-3.831103294158096362e-01,2.327575382571228424e+00,9.860744913578644022e-01
-1.853647240535866825e+00,3.204739523804924772e+00,-1.989380767927257487e+00,6.659043687705233916e-01,-1.596376525614768838e-01,5.492352841812528363e-03
5.767535708804477634e-01,-1.377929598508387921e+00,9.447896984338356383e-03,2.332126966756594033e+00,-3.315944100797068028e-01,2.769793808464677820e-01
1.040126187364548871e+00,2.975906597804957587e-01,-5.304377828687842911e-01,5.299217846693344419e-02,1.338842835548021692e-01,1.032046492143583905e+00
3.319327607043875417e-01,-1.275630908641606220e-01,-1.533643743990354205e-02,-8.989192985363432253e-01,8.468239470805990488e-01,9.187082010195178894e-01
-1.164973436154124853e+00,-2.804622983506250278e-01,-7.556229596350803046e-01,-4.712002850885755323e-01,5.219496778159320449e-01,1.089554367445599858e+00
1.689317582239906190e-01,1.211556684159240671e+00,-1.076028218067794029e+00,-1.916480423789755694e+00,1.529694516633663959e+00,5.235193812573905037e-01
-7.672743994184386684e-01,2.845419540260663571e-01,-7.786178490427310417e-02,-4.238415380908559515e-01,-1.578325260810399921e+00,7.914298263240210352e-01
5.405628919557617929e-01,-5.484956695251781422e-01,9.306056111220487592e-01,-1.138101710874077188e+00,-2.864647983984815877e-02,2.337146924450538843e-01
2.804411521434074239e-01,-3.075236848041429827e+00,8.756849865732100335e-01,4.667659045209600621e-01,7.625177075251796666e-01,-8.040313485367815705e-02
9.585236759026951603e-01,4.657963502805548828e-01,1.546161768695671013e+00,1.444319672066094018e+00,-7.938660170695562845e-01,4.470184302357578243e-01
9.673628322903407017e-01,-9.154720952392413069e-02,1.582482648845962681e+00,-2.664265011187802124e+00,-2.182522855059846056e-01,-1.427015343648607992e-01
6.621412856051895890e-01,4.651104408864257245e-01,7.056174337055813872e-01,-1.223672258377624944e+00,-6.689651305106552037e-01,1.068179425878193367e+00
-2.950269645458702406e-01,2.157967280508417129e+00,-2.220519503888042367e-01,1.186872041792110255e-01,-6.719242232737998588e-01,4.674190767690019621e-01
4.072153932314516167e-01,-1.706997645723032364e-01,-1.090680831505627668e-01,-8.013360453875594258e-01,-1.988206597843533041e+00,8.923024323808284031e-01
9.469673335062320230e-02,3.419799673971484211e-01,-3.625150379352958807e-01,-5.777832874935443647e-02,4.194891028613655370e-01,1.033154711355221078e+00
1.035821659357363922e+00,-5.018391346312992551e-01,4.335864070824596017e-01,-1.256255233534405491e+00,2.014319522826542308e-01,3.673225776440993684e-01
-2.685852204633565887e-01,3.867212097763751966e-01,-8.251628906072566716e-01,1.124187097523256240e-01,2.003521271857946040e+00,4.628892929895710440e-01
1.820357230305284846e+00,-1.518830299707257137e+00,-6.932172932320038727e-01,2.311899183626243970e-01,3.217685665096217673e-01,2.018659754361723790e-01
5.625038768792127719e-01,8.575433064479204281e-01,1.486952162447832126e+00,1.469855903881077674e-01,-4.206824960255147738e-01,5.048177407528283700e-01
1.357073951526477362e+00,3.082559833796237880e-01,1.234025293912095700e+00,1.111233738446276154e-01,-1.733589033055301376e-01,7.807448784664855479e-01
4.306944848667237924e-01,3.530790090840620343e-01,1.897989266035915001e+00,1.672953041119737527e+00,2.440805294763118027e+00,-2.109222153673975808e-01
-4.193482514867367672e-01,-1.459788336936628905e+00,1.977647586868025165e-01,-9.634477406763986007e-02,6.142727015344241481e-01,1.671697325425339109e+00
4.192842909431692133e-01,-5.341347716259265965e-01,-1.702637803330823429e-01,4.933104422603080685e-01,1.004112260080373575e+00,7.234913407836679466e-01
5.122042808177649231e-01,-1.677078043180967093e+00,2.039234424609841501e+00,2.357162160881171864e-01,2.919495392878228568e-01,-1.274838174620376519e+00
-1.562289369644969783e+00,5.278718735613252555e-01,1.839535082669949917e+00,-2.131983843528271749e-01,2.234396625583058571e-01,-1.019104011136885646e+00
4.365158357798375188e-02,3.976918002455009371e-01,1.057184596712266611e+00,2.883284054610226743e-01,7.947334869445739358e-02,4.613366932158481926e-01
2.411400335443351084e-01,1.386381616294481978e+00,1.188950717439063443e+00,3.327265746142786251e-01,-1.562808803538690006e+00,7.408060795511571817e-01
3.539816616928183057e-01,-3.321846833389301423e-01,-1.350911690721744440e-01,1.328644885980376111e+00,-2.338169896446411489e-01,8.347779586941735941e-01
-9.929394429780145082e-01,7.132011967649518613e-01,4.297508795914330992e-01,4.042618738371261400e-01,6.482408875458577358e-01,2.503983647450668260e-01
1.841723837107046791e+00,-1.166214500966588519e+00,2.347866835469047397e-01,1.007829949479024717e-03,2.583981915868138191e-01,1.900286970031405676e-01
2.696297104602335404e-01,7.624126562668233076e-01,1.019271608167648502e+00,-8.748799740329883390e-01,-2.337648653963487200e-01,6.328784103549155438e-01
-8.482331011261760034e-01,2.332823823400845598e+00,-7.708335232799594650e-01,1.174925341779861077e+00,-9.006641377868879195e-02,-1.832602642668274828e-01
3.066550511708488469e-01,2.630804516514862260e-02,-9.203074661329276873e-01,1.213806059904417367e+00,-1.145803599222059654e+00,7.759064705868986556e-01
1.584508917467457811e+00,8.231036726650223789e-01,-6.462130276868739420e-01,1.071331196672608010e+00,7.643521738890944883e-01,1.812572877441267494e+00
-8.512480546724217334e-02,-3.677864029154260250e-01,1.567145577241653598e+00,-4.325595647429417157e-01,-1.475919040941860771e+00,-1.967231633363182575e-01
1.183611384111887599e+00,-1.385406866362987266e+00,-5.613768079744686501e-01,5.924157103750490871e-02,6.632025351245907085e-01,-3.651852265231916306e-01
-1.111423849453138546e+00,1.080465234853413559e-01,-1.156672988536062707e+00,6.571476408684930881e-01,7.214166395492410677e-01,4.208138491880605292e-01
-1.738626072064401729e-01,-6.212730454949182413e-01,1.907474063363226724e-01,2.159275208139819657e+00,1.873088654114442919e+00,9.876104597745840596e-01
-3.553057089441580829e-01,-2.992493322875234174e+00,-2.635011346699671186e+00,1.075168684192434332e-01,1.269136746198763710e+00,1.159545895664394477e-01
4.953260866643502403e-01,4.666649762875507146e-01,-1.883317025890865748e-01,1.231466216446159834e+00,1.939323350244379851e+00,1.223818371659220139e+00
1.668440248552791605e+00,1.147068160279581583e+00,-7.994892665415241906e-01,-1.845071243060223409e-01,-2.096110438864021985e-01,1.672327134306374585e+00
7.832445159936622936e-01,-1.366565947215884202e-01,-9.977476170398009714e-01,-1.180583621740071365e+00,-1.635007322659720874e-01,4.426317764644071007e-01
2.027463608327241540e-01,1.346836777480129310e-01,-1.279578655344558946e+00,8.939803643825133816e-01,1.551481303575343862e-01,4.532794286978736875e-01
-4.197317935388973908e-01,-3.417900313848354354e-01,-9.052067379199093544e-01,-7.590211818952612155e-02,8.029914733734110355e-01,7.500331230085208745e-01
-1.678283675973280265e-01,-1.121823010470368143e+00,-4.249041329641723430e-01,3.507121156635097936e-01,5.887142301533875299e-01,1.322736151438769436e+00
7.809508464783665449e-01,-1.123293337588517592e-02,1.898990672822906900e+00,-4.325052565126955018e-01,6.095796810358090206e-02,-2.760905665564195033e-01
1.837359118666799240e+00,-7.857771185782935763e-01,-1.053766086103020694e+00,-1.379751098974826562e-01,1.006916718304253777e+00,-4.507582893121807044e-01
-1.460310329935659235e+00,6.905968571954783641e-01,3.693183744208198838e-01,-7.989164533842519900e-01,7.646349506018208508e-01,7.498550722907428023e-02
1.638039127686508500e+00,9.811163077287484713e-01,1.048645961944815630e+00,-3.951528027230756801e-01,-1.071279631778704555e+00,1.492629962495344742e+00
-1.087586169146995019e+00,1.149574725759078930e+00,-1.112028596198425534e+00,3.006428374377610457e-01,7.609586966630593752e-01,-6.545767523170078483e-01
-7.475339618540963182e-02,1.812509194651013844e-01,-1.562854233537462889e+00,1.146626818361789341e-01,4.088302951586610945e-01,5.317301481368337523e-02
6.074577918102148644e-01,-5.052043654226793246e-01,-9.251705287678380074e-01,-1.097478791024941058e+00,-1.731202170526026318e+00,1.595363447276954283e-01
-9.348496840520875706e-01,1.342382598639580760e+00,1.111690472277184760e+00,9.263850735497219935e-01,6.190362380327503189e-01,-8.102102185105064525e-01
-2.550564367059366067e+00,6.822350072035340274e-01,-5.275424391248122458e-01,3.341055720618446023e-01,5.464378605428964891e-02,-2.045886216727569873e-01
-6.497574099317580121e-01,-1.558522533530653398e+00,1.256874409314620022e+00,-1.409465259704014151e-01,-2.591329239095914727e-01,1.146013828504472531e+00
2.796476934151001861e-02,-6.583487899696041645e-02,-5.812007721057954601e-01,-5.868309983691992748e-01,-1.231839776276261844e+00,8.833837685742977897e-01
1.372584736254198967e+00,9.009407623262378761e-01,8.459183401616324205e-02,-2.177225036890203524e-01,1.063773646346272833e-01,2.080607695382704403e+00
-2.460395619012751556e-01,-5.631422626926312347e-01,7.535174457801598891e-01,-1.740125297810790617e+00,-7.044726995651047208e-01,8.852006178059725894e-01
3.863363325320266686e-03,8.346250383412323615e-01,5.591701159646014219e-01,5.831868596761740076e-01,-3.412068386397105746e-01,8.961200515424880830e-01
-8.282164750427236655e-01,-1.392879302595306790e-01,3.075949204594688458e-01,4.778816994243250127e-01,5.523082881052233661e-01,1.003895358875403376e+00
1.038528047384889685e+00,-8.102814341287312497e-03,9.762540034712924308e-02,-9.907420377639355458e-01,-8.860776318346694214e-02,9.108561673336674769e-01
8.262404400283984707e-02,-9.262397195320752619e-02,9.741718075224697904e-01,-5.857428180136016183e-01,-8.980281568679997217e-02,5.236665988968250973e-01
3.696113205694822046e-01,5.126949784776551056e-01,5.873697787718853425e-01,-8.214565584978714696e-01,-4.916423412070218268e-01,1.065535202395921033e+00
1.476261804821990264e-01,4.103243227878840549e-01,-1.048790297330493837e-01,5.130654480423635366e-01,-2.053710552095032726e-01,1.175666315907448078e+00
-1.203496560151385175e+00,-1.327436312527562334e+00,-1.417654348262383124e+00,-1.530762450835140287e-01,-1.752052182209548281e+00,1.105899869517852130e+00
-1.263515880418425219e+00,4.330864910541610824e-01,6.071577377046147861e-01,-8.498256494960310103e-01,-1.047930941057733989e+00,3.169701693002499043e-01
1.012548281890071067e+00,-2.971899022864305184e+00,9.611975115473380127e-01,1.564944141061695715e-01,1.292432852825126322e+00,5.063547506356034233e-01
-3.650976218147107266e-01,-5.903544906005226967e-01,5.377846160342784065e-01,6.778461589237779750e-01,-9.625249786340672742e-02,6.926477588737565139e-01
8.092926195141997292e-01,-1.764090015775309661e+00,9.481757028694594025e-01,-4.436249801102337131e-01,7.501682256374265778e-01,-3.753412152036301741e-01
-1.865061895640997225e+00,6.698479226240923179e-01,9.356442604000900776e-01,-2.209817930901701311e-01,1.433810055290885677e+00,-4.586631784908863918e-01
-1.234423828919436694e+00,-9.244074073125795321e-01,-1.163991167361768886e+00,4.902287602384802073e-02,6.843345301134543535e-01,1.230118106268926592e+00
7.889529490664886069e-01,6.156732063734789984e-01,-1.290135340535694120e-01,2.670358158317684971e+00,1.126114210011749384e+00,1.493067585145306353e+00
2.244808872257447740e-01,7.402534910002610546e-01,1.411771690462471973e+00,3.294119926647770535e-01,-6.811254916280087834e-02,2.851538559496485381e-01
-8.812791558188358687e-01,-1.290166960192707490e+00,-1.845013694556817962e-01,-2.192225281525755687e+00,-9.090261666376066030e-01,1.889347647244428385e+00
1.060860613246799172e-01,2.303408548051170401e-01,1.372380420551357005e+00,1.207694018247727819e+00,1.411597541371615305e-01,2.006387033956615606e-01
8.045742634679287075e-01,-4.957585581406042108e-01,-1.004127440537903926e+00,-9.529336444635828629e-01,-1.067508462744554798e+00,1.430717940864433824e-01
-1.614796591724106667e-01,-6.424895785306358187e-01,-1.649349985147670283e+00,-2.329170557709482337e-01,2.013623243593436474e+00,-3.817876820221229039e-02
4.335732343770182240e-01,9.769155081971172758e-03,-1.148623307502641078e+00,1.599624976258047504e-01,-6.398309557880634824e-01,4.434820529656099963e-01
-6.427541948300430352e-01,1.091877240903466939e+00,-6.630065665787744367e-01,2.250150634233354818e+00,4.574778637771632628e-01,1.546861578403580517e-01
-1.097646299528620917e+00,-1.168343214152149701e+00,2.351250793330076638e-01,9.479555832732147191e-01,-5.275356691806146747e-01,1.871187339841614117e+00
-5.552743578729683049e-01,-2.387178718148022405e+00,6.428858646399433496e-01,-5.943165606276084034e-01,-6.569405575544480236e-01,1.698594219683323692e+00
-4.587627000995399551e-01,3.470200255310499846e-03,1.425837478111810386e+00,-1.120337348774520292e+00,-1.115220313099716670e-01,1.990363435211243703e-01
1.096662547704245538e+00,-1.204283230232705781e+00,-6.600999476341384842e-01,2.121892624776099967e-01,4.117033969433979701e-01,-1.181550188096550102e-01
1.951807441616130456e-01,1.061697407444663455e+00,3.094325388514364977e-02,-1.607849656884800860e+00,-1.482433621471785257e+00,1.353575930566539576e+00
-1.017890675504461662e+00,-1.134063636749353732e+00,2.533967109785615346e+00,1.699880749494080412e+00,-4.730123100916240331e-01,1.455664997554864670e-01
-5.071900346277821159e-01,5.871077101850316060e-01,-7.286796732788931863e-02,4.971236291789816741e-01,2.961352491009445753e+00,6.122840447487476467e-01
2.609305289891108881e+00,-6.122386758899704962e-01,-2.954477955113299359e+00,-7.302385520178452660e-01,1.598419057559009593e+00,-2.249013787162500222e+00
5.987074529247362609e-01,-1.172180317624513940e-01,7.806976478709954925e-01,1.125978191176224774e+00,5.277950412328834551e-01,7.287546234698739633e-01
5.421388904722046487e-01,1.742666230270281114e-01,-1.366970896571637839e+00,1.138217848500937102e+00,-1.119700935778895179e+00,3.050234246382033110e-01
3.971578663878786997e-01,-3.352737479774433038e-01,-6.510035867840062718e-01,-1.448121484499383271e+00,-6.104706854416054318e-01,6.007135792117881401e-01
1.009767975357640513e+00,-8.035142177371237260e-01,1.229104549006364289e-01,-6.655332268844113552e-02,-3.681310943189369245e-01,1.056747358093248490e-01
7.489112970575365624e-01,-2.306130490503444375e-01,-8.058760012389179495e-02,-4.720963627021811382e-01,8.472970508176778937e-02,7.290552093650051191e-01
4.547124958306397735e-01,-1.085246553900252736e-01,-1.822973310615857656e+00,-2.963890076364886550e+00,-1.688273441413649767e+00,-2.497782146047551333e-01
-1.144900039551495635e-01,-1.339401468102315640e+00,2.572192075026540903e-01,-5.551573882600289167e-01,3.274243894826060070e-02,9.827335217226521591e-01
8.702124317207707849e-01,4.221524916612274803e-01,6.908677697806685503e-01,4.164471829177983642e-01,1.624814976449111548e+00,1.153821315842178619e+00
-1.816521848076795564e-01,-7.896646594656363261e-02,-4.119128324933491458e-01,-1.137838898088956441e-01,1.471140419128834864e+00,8.839507952817173830e-01
-2.363994920621282692e+00,-7.065453119832124096e-02,-4.744209445590126251e-01,3.209966556325776210e-01,3.904364055021071755e-01,1.047905831851447589e+00
4.554596234997893012e-01,-1.357724432748533161e+00,3.853154929941074447e-01,-1.494680278464938505e-01,4.330490649107495149e-01,2.742439286662540776e-01
-7.792390063191939609e-01,1.174387387963165441e+00,-4.423945274612404721e-01,3.674042967818632599e-01,2.317449104027102802e-01,1.264560225899991064e-02
-3.895390371755749759e-01,-3.760333393364421184e-01,-1.659335827391341223e+00,1.356364368770842654e+00,-6.682267671512860385e-01,2.860743130875275653e-01
1.250368284828479171e+00,-1.017949278618711650e+00,-3.699732018102304121e-01,-1.510483369034733014e+00,3.400806357848377703e-01,-5.066876566746311705e-02
6.927361037107401254e-01,-1.632035540661737727e+00,-1.360810292504326835e+00,4.263531455397439052e-01,-2.378038814450570193e+00,-7.508694570398422030e-01
-3.139277581534393735e-01,-3.000927173876248299e-01,-1.155104258891807900e+00,5.602817290029402653e-01,9.240332937811704950e-01,4.582750541850326709e-01
1.082578273975563832e+00,-1.235076273182770024e+00,-3.289296512322963939e-01,2.473081884582342127e+00,8.846635175279443652e-01,-5.940561266231766252e-02
1.337263096985051192e+00,-1.159540731390981128e+00,3.512180569413727443e-02,1.792996125043967715e-01,-3.697842993660572231e-01,1.394716475188524096e-01
1.172570240654728924e+00,3.354194544446024162e-01,-9.084302479595168789e-01,5.362660351705525463e-02,8.377849299468559385e-01,9.045627929541391055e-01
-2.698454738903621752e-01,6.203797204607204296e-01,-2.293804040196536220e-01,-2.062138034140429621e+00,3.005406101449777934e-01,8.410784444056528253e-01
1.165306458370069520e-01,2.950197302213440675e+00,6.114999042284307018e-01,4.825280231700963124e-02,-4.313109585783818645e-01,1.069900968682518272e+00
-1.578412598484699947e+00,5.896085358133256182e-01,-2.450555676603736188e+00,-5.291031937226693405e-01,1.022589442416120598e+00,-1.493140574496202522e+00
-9.572624134745352231e-01,-5.648472579009994332e-01,-1.214921308358115404e+00,8.793801020866047757e-01,-7.905917910699831186e-01,9.146422049500176898e-01
-8.604178174037477311e-02,4.040029323861720201e-01,-6.800330507656325851e-01,1.048178105590183762e+00,1.045922221993894174e+00,8.528225434642118241e-01
1.679535605196134929e-02,7.951609840766216131e-02,7.094082972828678058e-01,1.061032475877829118e+00,-4.875273779944533370e-01,6.157129051429958144e-01
1.387592539078500220e+00,9.715159479879556526e-02,-2.738793801484761328e-02,-1.458794310836988850e-01,8.609626428764777240e-01,1.087846509004691153e+00
9.532164077609358577e-01,-1.866556323215731450e-01,-6.117640253125792293e-01,-6.017729418281450027e-01,-1.449092332713343811e+00,5.912681642256759629e-01
-3.959338563060767480e-01,2.577648811794601702e-01,1.657257183392294442e-01,6.129727609631352436e-01,9.563029795242697917e-01,7.545660974282364375e-01
-2.268805228278769626e-01,1.297000821321298458e+00,-8.815883475875191388e-01,-1.364827381788106475e+00,-4.794896923778734776e-01,2.651961913315207808e-01
-5.701852398324152027e-01,-1.366265929505588117e+00,5.653945061042118386e-02,-4.675081676601020586e-01,-3.138199351601845266e-01,1.665152504073850848e+00
-6.541929483404590462e-02,1.210479690456197854e+00,-1.036964856372974753e+00,-4.957919559288190281e-01,-1.983544569128061097e+00,4.843778536279391145e-01
2.390395785024655995e-01,4.083111335132769137e-01,-1.105883515241534498e+00,2.172499570353868259e-01,-1.576847996963461895e+00,6.741577788242247848e-01
1.985972157693425721e+00,-1.491115503580151824e-01,9.003768885397914756e-01,3.765028679261863132e-01,-2.024724439826283695e-01,4.289174402726354529e-01
-1.134033737129804154e+00,-1.531298121764338438e+00,-2.759416064610637487e-01,1.223913470650761948e+00,-2.314867724057950049e+00,2.038454106080688000e+00
2.768028781384934134e-01,1.283705958265804803e+00,-2.448306009557727758e-01,-1.134907692869957740e+00,3.658947395017079773e-01,1.224506880780910967e+00
-1.584503728782933329e-01,4.902438644080333585e-01,-9.698548877306056859e-01,2.027750725919777786e+00,-5.797296723457399104e-01,3.716488307253271173e-01
5.028367224071437352e-02,3.452068496754875371e-01,-7.171698138445966597e-01,8.711896658044639974e-01,-6.839215099703038758e-01,6.905459323794892468e-01
4.962578788325642254e-01,-2.215368094660552067e+00,-2.098641204240806690e+00,3.192862255254406145e-01,1.072945898997110792e+00,-1.427851342828781345e+00
4.252442376903741161e-01,9.571682949066202539e-01,-2.049749210243341779e-01,8.290063588123971483e-01,-3.548489211184531755e-01,1.427399055620363066e+00
1.705664827972996345e-01,1.360439999988957149e+00,3.502739742306290593e-01,1.897162586191152966e+00,5.871737356477599867e-01,1.035815959564464706e+00
-8.776562088226126379e-01,1.624405971148195071e+00,4.867938261675674450e-01,-4.419682598430125231e-01,2.667753130820410767e+00,-5.468036575170216046e-02
-3.737154134834295149e-01,4.227677623335479584e-01,-5.985068656267312354e-02,-1.438525629274297835e+00,-1.023793783688481396e+00,8.905640716910071530e-01
-1.182333471594865015e+00,-1.172394173821887264e+00,9.397961766349455237e-01,-9.854238478922490163e-01,1.049332961493822047e+00,1.743983166370627558e+00
4.379744164119818706e-01,-3.743423040726189255e-01,9.851789108417098595e-02,-3.116378427512625504e-03,6.419238683631011133e-01,7.138374010866934682e-01
8.007537187862186212e-02,1.287495463354860536e+00,6.469691060316064002e-01,6.989683045706295283e-01,-8.319610520456116598e-02,1.039500227458745707e+00
9.130566421127178645e-01,-2.680721731722166337e-02,-1.554390325631378023e+00,3.723054549738887276e-01,1.277293954546401822e-01,-1.329938719569189187e-01
-1.650042945714822462e+00,-6.125666211745616624e-02,-1.585862719446502478e+00,1.047829822962191432e-01,-1.082468199037814660e+00,1.062978628965790956e-01
7.908040726436598167e-01,5.425387085566565348e-01,1.023355249672381007e+00,6.238700884964202276e-01,-1.210703011881432811e+00,8.459326200396751760e-01
1.277892691170446460e+00,-4.307633883773309691e-02,6.422957038907071980e-02,2.720124585269722561e-01,1.892717931057566361e+00,1.024060389931544801e+00
5.351716851971283911e-02,4.317485571177542142e-02,1.793323381118565596e-01,2.295718659017988106e+00,1.313621640868769536e+00,8.499786168363687722e-01
6.820960812009032592e-01,-1.413107509704825349e+00,-1.067658319187443805e+00,8.440301049979439529e-01,1.133991968563373698e+00,-3.226856808947435318e-01
2.508087164268769431e+00,-9.571715348386012900e-01,3.198024283005829749e-01,-1.401776850250876283e+00,-9.787941275187297396e-01,4.750145289546910399e-01
-2.580051801643480636e-02,3.693896189992517676e-01,6.913188692034025751e-01,1.482487786742525460e+00,-1.075102081954759647e-01,5.621923745052721522e-01
-5.638482143128288326e-01,4.832519547901624746e-01,2.706557859042365566e-01,1.974944362539751141e+00,9.978222828722657471e-04,9.580067213245714308e-01
6.781172162370214807e-01,3.813811871782125107e-01,4.973962747049104904e-01,-1.299114635626673842e+00,7.739124974695321679e-02,1.094244595422485311e+00
-4.023907941095582474e-01,-2.082148170407703169e+00,-4.410835230875901486e-02,1.317349856566656596e+00,-7.460066023484984710e-01,1.755685864966128440e+00
-4.881754518922049590e-01,4.823863355266393982e-01,3.300286382822102960e-01,7.902809680924262059e-01,-1.523195191959250794e+00,7.285776211276570047e-01
2.742790973059663906e-01,9.432205339324096771e-01,5.229942903885984595e-01,-2.480338906533230858e+00,-6.168690456413300494e-01,1.093565583620488058e+00
-1.760580322453267899e-01,-1.729069412007081322e-02,1.146559614333169330e+00,-3.514989765457645493e-02,6.709243707226317799e-01,4.917824206974747425e-01
-1.934904924109563384e-01,-7.717213749485145602e-01,-5.503393296212347741e-01,5.170621578663830986e-01,9.699981435701776622e-01,1.044040781799178363e+00
-1.965739437401930134e+00,3.272176461948132498e-01,-5.441631212121248451e-01,5.818790548935459661e-01,7.633457890747195052e-01,1.345769564773529048e-01
-3.156713673695088485e-01,-2.672377977409703842e+00,-5.383528812420466103e-01,5.746737894968222404e-01,-8.561280877249705101e-01,1.639784354819832979e+00
6.139779124003647004e-01,-8.259808727456709188e-02,-1.128302381346822036e+00,-1.580363326609349750e-01,-7.864320736029999370e-01,3.614457049878332384e-01
-9.050886905943620331e-01,3.931056529814103834e-02,-1.523456061948692764e+00,-2.862667336548117891e+00,1.575856010872592083e+00,1.221660991211228620e-01
-3.218170033970669808e-01,4.079250108191622148e-01,6.153737725516330581e-01,2.914879789860437276e-01,7.388144806754621818e-01,5.108164993151306232e-01
-1.189397736535738187e-01,1.409369204418377819e-01,-2.376581040287594204e-01,7.667469852338802960e-01,-1.008742058744312331e+00,8.465570240811899350e-01
2.832482772174366170e-02,-8.913514737111466468e-01,3.783997538924249171e-01,-1.347801011449085706e+00,-8.616101735676437445e-02,1.108172349000667634e+00
-6.331378280380959289e-01,6.634745047375831817e-01,-1.035622204075995034e+00,7.287607412447106858e-01,3.451997845494281236e-01,8.570702630675826328e-02
-2.100592216409547242e-01,7.768075866958549236e-01,-3.310955863970005963e-01,2.774422497570787072e-01,-2.579848542366502961e-01,8.426756645559656533e-01
7.587589363620638183e-01,1.227944486611327157e+00,-1.074422419527836237e-01,-7.682299352626208444e-01,-1.228239087401529067e-01,1.665767240402679317e+00
-9.055192552672790551e-01,1.747993466406561058e-02,-9.957862742162690850e-01,-9.006868022124423501e-01,-9.779013100691985594e-01,4.915150198128078185e-01
6.287410027335189611e-01,5.343924901274083039e-01,-7.210890076348117628e-01,-9.808420383834254297e-02,-1.269936265819974208e-01,1.043853686363227951e+00
2.137628408782008549e+00,-1.091729600921832466e+00,-1.389938752061977922e+00,1.566637164868365684e+00,5.100351956837982925e-01,-5.457062113990223118e-01
-7.074439538714141218e-01,-9.440836050484947561e-01,1.024992092030251545e+00,-2.275658419487711775e-02,-1.275801046792216953e+00,9.252905113007290350e-01
1.015671599076238385e+00,1.056024362787582715e+00,-3.008989940134826901e-01,5.388977773426238960e-01,1.619559665076731880e+00,1.863617010863379386e+00
-7.235415234209642277e-01,-7.820292937198514149e-01,-1.874865783377351602e-01,4.803422007109565128e-01,8.060119928880702389e-01,1.372555750673331021e+00
9.809298069127513342e-01,1.186726149921736972e+00,-9.788475828287513947e-01,-1.512918710033005043e+00,-3.169296972430414583e-02,1.397193952963311281e+00
-6.262593652335016747e-01,5.831410466523201386e-01,2.581558946226084061e-01,-1.224700436823343397e+00,-5.121141610107151632e-01,4.350037829163012626e-01
-4.692447931381641957e-01,2.410452514273953462e+00,-9.169364644399167208e-01,-2.074451574683921218e-01,1.817893344210521622e+00,-3.457937234530745751e-01
-4.659374102881644886e-01,5.936945781312468196e-01,-1.077527365366784395e-01,-1.266209511229518192e+00,-1.730895064168219477e+00,7.624899809355458746e-01
-2.830724510317625064e+00,4.172154538471805063e-01,3.808336439132077311e-01,-1.528425821834886289e+00,-4.338962617128183652e-01,-3.043526241527963472e-02
-2.060281460146250743e-01,1.028953010850431227e+00,7.941899992560585986e-01,-1.287205594728991320e+00,1.025489469957752489e-02,4.680002593800334232e-01
-4.133167272693860084e-01,2.148993373621782034e-03,-1.567136719704942838e+00,8.087661551720146669e-01,1.569491342404055523e+00,-1.477575965059078622e-01
-1.756649135932092154e+00,6.626005908771517294e-01,-2.694472886933871325e-01,5.191585028651546363e-01,-1.283073630250792119e-03,2.156173885182310068e-01
1.788082647497656108e+00,-8.114044196189490465e-01,2.909525985976657569e+00,-3.439771230001609781e-01,-1.750753063707466639e+00,-1.870314678328730107e+00
-1.172848823760460762e-01,-4.432983906254150397e-01,-2.057245333696007261e-01,-4.956421035689002885e-03,-1.739198410088395874e-01,1.123351453955898638e+00
-2.489113212833359012e-01,1.308921473215877374e+00,1.845099081776524041e+00,-9.911078757768522207e-01,2.309289415828573444e-01,-7.800834525589409596e-01
6.592470842914676110e-01,-4.846693277703048586e-01,-6.859044052610299147e-01,4.643408234294401082e-01,-7.863606099438303909e-01,4.399635249970255124e-01
-6.853169422129281596e-01,-2.993193159529609626e-01,7.465627378027609451e-01,6.607755885365477200e-01,1.749050927026260416e+00,9.339296302316859588e-01
1.576033359187093641e+00,-9.117463954144353622e-01,1.303480147376035347e+00,1.900184877003045780e-01,-4.601449914333107793e-01,-5.044503223643538314e-01
-1.320064857479697762e-01,1.885057192453414021e-01,-1.774561173112503276e+00,3.957241815937395102e-01,-3.608138397918315698e-01,-1.485286169725674732e-01
-5.358332995941739174e-01,9.208172767918597346e-02,1.763486796925287203e+00,4.548455713938270306e-01,-7.610000783593044993e-01,-1.142369672401471192e-01
-6.333896384868858975e-01,-2.330245469035888695e-01,4.678158333179428113e-02,-1.747984328471738014e+00,-1.780813360598734407e+00,1.043404083547920580e+00
-1.398723704402606627e+00,1.429510243056940633e+00,1.607903582386868147e+00,8.385388487669039881e-01,4.176261289467491089e-01,-9.452220540152462824e-01
8.247403032501487985e-01,1.190665470877694032e+00,8.242899696263772391e-01,1.957394041850981870e+00,-3.703331960049112692e-01,1.432704175565021387e+00
6.218574362280770984e-01,-4.118278189120210819e-01,-8.657662686878452307e-01,1.358736405191181662e+00,1.959062383898780429e-02,5.589407808308700654e-01
-5.636642245106909810e-01,-7.190057509406731773e-02,-8.773415571897952292e-01,1.930318560039682441e-01,-2.630168707158094143e+00,5.666032935226409384e-01
-2.531666009633633529e-01,-1.572196914088332731e+00,-1.337315807401816270e-01,-1.323393621592471092e+00,-8.113433730087851181e-01,1.266770929242302168e+00
-1.174070323643352731e+00,-4.940544320641508669e-02,1.406116954019954068e+00,-1.275804592739585575e+00,-1.635191805645147323e+00,3.298891618545646276e-01
-3.716938089543848633e-01,-7.414263597213385237e-01,-6.573903982520175049e-01,3.231276825972959621e-01,-1.317416680354246417e+00,1.036091941390149707e+00
-1.770650750846624932e+00,-6.172395626621998144e-01,-3.145349473199593460e-01,3.515092666418938583e-01,5.271846214386092244e-01,1.743599853643743591e+00
5.590359155183757256e-01,1.600669885522383984e+00,1.734144251117099911e+00,1.095449740223174873e+00,-7.426389536786499601e-01,7.863887253557839685e-01
1.476227300661111741e+00,-1.410519863414321506e-01,-8.428562255214389065e-01,-2.580097239017499877e+00,1.686701638399228154e+00,3.859343440862096908e-01
8.910160264402098296e-01,2.352283197643415757e+00,-6.502967609501616453e-01,9.203526883565920150e-03,1.032815417067895591e+00,1.596277693104522388e+00
-9.903547161040048008e-02,-1.111509307279987979e+00,-6.888614428940690315e-01,-5.117914166617610894e-01,-8.512324036223159474e-02,8.794100156682694847e-01
-9.187188595167669058e-01,4.401644098958868434e-01,-5.035965603606267216e-01,1.410490910397570019e+00,-1.809042780825519170e+00,5.031031193084651854e-01
2.199154861409855055e+00,-1.126361726015286946e+00,-1.437234324007917730e+00,-2.435646427666244840e+00,-5.385944511403472079e-01,-5.482272051769322418e-01
-1.087206477569709451e+00,1.127318091883635909e-01,1.019957555231204571e+00,-1.411229107183834541e+00,-1.140281308561667650e+00,3.307504818487454479e-01
-3.344762360268331292e-01,-2.602187199442552168e-01,-5.399112547960158714e-01,-1.602636579123244837e-02,-2.267013523302732481e-01,9.675732074984421116e-01
-1.107204092545973073e-01,-3.067544084208029265e-01,-9.103804736551517340e-01,-6.989840455078707437e-01,7.933856067595953521e-01,6.886724220067569346e-01
7.423546014567631302e-01,1.110948976721709558e+00,-1.407091432871889314e+00,1.304299582962056059e+00,3.383339617997819238e-01,8.466637496438662591e-01
1.254980788233053923e+00,-1.464158021340679905e-01,1.431711490877819237e+00,2.325868461638742335e-01,7.337976308297398109e-01,3.252480565710033633e-02
2.131674553285423102e-01,-4.216609761833404746e-01,-8.132966453163335135e-03,4.164530004596407875e-01,-1.263935446363946058e+00,9.233578161492989045e-01
-1.438264489622736342e+00,-5.378446483720115134e-01,8.885435930327713061e-01,-6.315872240082232025e-01,-2.058920367503831450e+00,1.359106908683255455e+00
1.238845188926692265e+00,6.342335834554600760e-02,-1.334958815868140525e-01,2.379723130877671178e+00,4.040838336818551313e-01,1.005440498747133926e+00
1.075984158813366065e+00,7.205338295016748551e-02,-2.466226264159983306e-02,-5.011265388395310660e-01,2.422615524691063005e-01,1.038594992089266755e+00
1.979683262825538526e+00,1.055180578050763929e+00,4.442516257635025778e-01,1.158616532533392807e+00,-1.508805845839782611e+00,1.825230424704837429e+00
-9.017631103956263994e-01,1.578066146999692124e-02,1.389166745806203807e+00,-2.235428186974003917e-01,9.366109728185798566e-01,4.430949531628774474e-01
5.655557023031865249e-01,7.281468695554198511e-01,-7.956391253199458502e-01,3.146742904353920789e-01,9.643078368388942057e-01,1.203450152737272960e+00
-5.266394790804262982e-01,1.329405429137592520e+00,3.954094734003247430e-02,9.846471402998566713e-01,3.627886203362357675e-01,2.525294638064042863e-01
-3.298530766647224666e-01,1.198714848540957334e+00,1.142028469423773229e+00,-8.037185386740361981e-01,1.562296657471899941e+00,-5.044058754509860021e-02
-2.748432929642564471e+00,-1.199415931742948915e+00,1.340792703527652785e+00,-1.645643056461925102e-01,-9.994505478254086528e-01,-9.547155230587439645e-03
-2.026247610728142856e+00,6.443161597340932856e-01,2.864705918602737378e-01,-4.353355798146726352e-01,7.340923942282649994e-01,1.797264322824490210e-02
-2.749389763619505822e-01,-4.412440643438825943e-02,-5.923492401698946530e-01,-1.480768544209646320e+00,-9.449996676069413182e-01,9.017568975763082806e-01
-9.032990495659265484e-01,-2.706929861990920450e-01,-5.205942310078069679e-02,-2.147847895137159624e-01,-1.226558350962695165e+00,1.203725930036337211e+00
1.000165724676911052e-03,1.902478633099809746e-01,-7.046287218419750031e-01,1.129003511523588132e+00,-3.485062610251988824e-01,7.162076304882428746e-01
1.743848518663022373e+00,-2.355426999684931744e+00,1.083251355478322520e+00,-1.057202492812326644e-01,3.176200682385554863e-01,1.346592607502290706e+00
8.393549775156581294e-01,4.600917778947248848e-01,-9.869493336094445346e-02,-6.255276147766900552e-01,-4.125075507150627319e-01,1.380242919203987340e+00
-1.360064749732231126e+00,1.355713539587888539e+00,-1.817457081681483622e-01,2.358405175740282633e+00,-3.932805396547963683e-01,1.881363838639830977e-01
3.076532846058497861e-01,7.373368626235351497e-01,-5.141335487072139915e-02,4.495799365114639401e-01,1.310244193287660952e+00,1.258316568355460241e+00
-3.026180202777473571e+00,3.472989444861600550e-01,-4.482657622641350592e-01,1.581050251537242657e-01,-1.578278524183281961e-01,-4.298903886646134043e-02
-5.925601823763970016e-02,6.975652487506468491e-01,6.853393827917746428e-01,1.312928325321744749e+00,-3.591851425610681492e-01,8.098369937807617935e-01
-8.136164582702936077e-01,-9.144593695827852864e-01,1.066667600880845335e+00,2.025314479868157047e+00,-2.269722167168352622e-01,1.164566332270498661e+00
-2.136681983794418982e-01,-1.631117677941399613e+00,-9.298135714677837615e-01,-1.437911621599900769e-01,1.853487748946023528e+00,9.472896839326439000e-01
2.145939509062659845e+00,-1.449338266728206204e+00,1.841829257608543324e+00,-6.647008747233617010e-01,7.174623908916851756e-01,-2.643348535291256685e-01
