-1.079312801878544587e-01,-2.203573169949877286e+00,2.098642734217939676e+00,-3.766923086692779421e-01,-5.710936714096598310e-01,-4.233869753029946836e-01
-3.994741803596461582e-01,3.568716305677158140e-01,1.633827752843332870e-01,-1.275127733934519503e+00,-8.917132923902816311e-01,8.804493164300863928e-01
2.918674902991819087e-01,4.195465187765486936e-01,4.827178935338508059e-01,-7.690005868040886705e-01,2.102576566238221201e-01,1.004455817897322190e+00
3.894693941058809394e-01,3.236495488322829184e-01,-1.272329124017321789e-01,3.475761363559953243e-01,5.521311131101511727e-01,1.136284866160402807e+00
-1.632383004430390527e-01,-7.225928334106546114e-01,1.377981335913963434e+00,-2.998309257229513775e-02,-1.227204055722364906e+00,3.687592385869504219e-01
-5.421002553229892218e-01,1.355616133974626658e+00,2.934828211341484749e-01,1.544036595132762590e+00,2.782545330045123055e-01,2.417460324070732358e-01
5.186380342309380165e-01,-9.195944484599936075e-01,1.861955013614617238e+00,7.616215030438485689e-01,-3.786338739025881805e-01,-8.899703436992301153e-01
-1.047871920487217556e+00,-2.118935838378258329e-01,-1.478384423337565812e+00,-7.036418083038427085e-01,7.899802421727474266e-01,2.737940052243629796e-01
-4.086737920117741174e-01,-3.968434722385359437e-01,1.265535425494236810e+00,-3.502413359076347876e-01,1.012940554031199536e+00,5.255076692972133756e-01
5.434462076443531409e-01,1.764222440064910691e+00,-1.129156677150211951e+00,2.648108652222771475e-01,-8.759426146353247455e-01,1.166139732782988325e+00
-7.092207487856536652e-01,9.356970397463181266e-01,-2.728408060924590872e-01,-8.067223187318839361e-02,-1.047923436778954720e+00,1.960685618833236665e-01
-8.341279169599512544e-01,4.510535985014560989e-01,-4.744915535607151513e-01,-1.328409877816371099e+00,-1.396469823774786789e+00,5.228666687297208737e-01
8.415141880310904599e-01,-5.823904152080511265e-01,-4.703402303616098235e-01,-1.632849481746831533e+00,1.017311979828141588e+00,2.570684541077470353e-01
-1.959050487312903099e+00,-1.296215005716514712e+00,2.287805152805948983e-01,-6.718444105320030557e-01,5.575652493835213663e-01,1.574642424597507695e+00
5.825143850674049384e-01,-8.998350895872432309e-01,8.365109301528020902e-01,1.716572931016199677e+00,1.444250888462087212e-01,2.387947987650270720e-01
1.905312963540157556e+00,1.249683291397460927e+00,-1.613610889379117674e+00,1.086710520244615674e+00,9.104061586338965326e-03,6.661754885593611508e-01
8.157641424457805213e-02,-6.952956514594084148e-01,1.333609118108872060e+00,6.344777958869822765e-01,-2.398979841686283421e-01,1.925868753646522158e-01
5.761290616256744546e-01,4.753335964318261553e-01,-1.470833378944219616e+00,-3.030376623033178562e-01,2.122474953696305455e+00,2.521144281256082476e-01
-2.282390202743842966e+00,1.655572996935006147e+00,1.370995744466657396e+00,1.462086093223766925e+00,-1.133559390495940539e-01,6.755537987052876447e-01
-5.487734888431107239e-01,-6.904883819232328079e-01,2.386035812317868418e-02,2.740609356953092046e-01,4.986773069398121594e-01,1.510994769965672946e+00
-1.301596942703203696e+00,-5.279158371895328328e-01,-6.795934131821312896e-01,-1.384848017762579098e-01,-1.898805685384151731e-01,1.413910028281896603e+00
8.499143443739788362e-01,7.534622837431309561e-02,-1.236875228825383255e+00,-6.350528747584683886e-01,3.022182953287090856e-01,3.594210830922323074e-01
-3.505150061053246557e-01,1.142014247758988743e+00,-1.064327025526809356e+00,-3.786132149517801859e-01,1.086769342769985658e-01,-7.205722357834073999e-02
-5.782728707260693657e-01,1.578812616787019230e-01,-1.597112296378100815e+00,-3.566196381497299117e-01,-2.453671021062998892e-01,-2.785279341615826132e-01
1.069826512552947584e+00,-1.327649588386700330e+00,5.696528934991368365e-01,-3.633875778775644272e-01,3.074246043609577331e-02,-2.110669847584265568e-01
-1.777829856721060142e-01,8.706469187739139803e-01,-1.932744337438636328e-01,1.766785135388170280e+00,-1.713298274014720235e+00,8.455906915786602918e-01
8.113461201539611256e-01,-2.146578448667109396e-01,1.293717597306399014e+00,-8.701949009203749918e-01,9.836693169564141304e-01,4.362387334526097310e-02
1.045570836581929675e-01,3.756224679120189203e-01,-1.045425130055373630e+00,-1.439608740101423923e+00,1.180522524380128030e-01,6.520439537929065832e-01
-6.988148086937263637e-01,7.098389819079079822e-03,-6.320116400454174332e-01,3.899078231028253738e-02,1.225068944815635108e+00,8.426093582392788495e-01
-3.423306467357232763e-01,6.017999836756303678e-01,4.698096811630861902e-01,4.008944941257054362e-01,2.944177361856280539e-01,6.920639561012537078e-01
-2.314318164431656832e-01,1.012299343958016906e-01,5.341525940633045089e-01,-1.035534758072595318e+00,-5.053666939180077033e-01,8.494188939443961806e-01
-3.294048885204151622e-01,-4.495309295568494234e-01,-1.179868735184796784e-02,-1.104237612326361140e-01,2.097528414503417871e+00,1.051238298721530295e+00
-4.422089319454245993e-01,-2.828575133402418951e-01,-1.508162447717281918e+00,3.990509104750661340e-01,6.248375430499624184e-01,1.186308214526192867e-01
2.194757337395800700e+00,-5.520624547763317708e-02,7.344932933018942789e-01,2.963038229262190959e-01,-6.601754808844794153e-01,7.545657002014823922e-01
3.209068965347834368e-01,-3.301091725869965132e-01,4.685411287868577190e-01,8.154364855996770745e-02,-1.768361936517049982e-01,8.447604869529437011e-01
3.733840445709542544e-01,-3.489998659108121126e-01,-1.142745416171630168e+00,8.807306475725684702e-02,6.852515455222037977e-01,2.640106469035127246e-01
-7.548051009208585072e-01,2.623506657441953063e-02,1.167889335465583933e+00,1.039884804600148094e+00,-3.467609311418159285e-02,2.553044063936499852e-01
1.768098833436088091e+00,-1.526777754600576298e+00,6.681909253402665838e-01,9.024857745756501015e-02,2.486125849135768728e+00,3.424982966813086005e-01
-2.361052555885642668e-01,4.786744094237208036e-01,-1.962727001732197163e+00,-3.377069553157862725e+00,1.475866441806541696e+00,-5.159882881680012412e-01
1.607121790307669107e+00,3.643465172390149553e-01,8.486083229691544494e-01,1.782150873160727178e+00,-8.017386525427826482e-01,1.135396380283044016e+00
-5.415359488562985213e-01,1.412539300218325633e-01,-1.487526979304595598e-01,6.866466085786323559e-01,-8.911053518114139260e-01,1.026042648631318777e+00
9.921419309296690692e-01,4.117504704064719467e-01,8.331863983000526996e-01,1.351782237295349465e-01,-1.093732945376740595e+00,1.116104366881250698e+00
-1.534770881155151923e+00,1.288772586306191847e+00,-1.928985673202090689e+00,-6.742335760399623679e-01,2.202481737595255729e-01,-1.318230687321520600e+00
4.178840130149224508e-01,-2.507760302711301126e+00,2.490680324618348429e-01,-1.751795822070489450e+00,1.641626970939610297e+00,6.468489687481721040e-02
-6.918054931139686059e-02,1.476092015954153069e+00,-1.530751996663066938e+00,8.905484194090030892e-01,3.005074757903179461e-01,-5.874417340643526414e-02
8.562193480302209281e-01,-3.136298117326138390e-01,-1.141674294095337494e+00,9.172288898977354332e-01,-4.645112343607457062e-01,3.931060110835995491e-01
2.750082799083953811e-01,-2.098464447937576360e-01,-1.134146020290155876e+00,-7.062191896154099702e-01,-2.336615828558581964e-01,2.996219237518994438e-01
4.400100318603771266e-01,8.027138141053843379e-01,1.519299006788145556e+00,-1.219820794032508982e-01,5.328148442524288653e-01,5.759859484219629344e-01
-3.999236518734097801e-01,9.366320691498394302e-01,-6.547240911174538880e-01,-6.398048076076600088e-01,-5.029585236535690784e-01,5.846378333678896588e-01
-3.781901425245345338e-01,-3.666053817066292075e-01,-3.305498792126158047e-01,1.297067746283840473e+00,2.825919736070557908e-01,1.167624443602157003e+00
-4.627377550023512032e-01,-6.751283361501662084e-01,-3.953311991610352627e-01,1.967959563701956238e+00,5.401109168075379774e-01,1.114171560805715444e+00
1.389913594500061800e-01,7.054818302225062121e-01,-1.418607902076616689e+00,1.672902273903309256e+00,-7.870690396978376191e-02,2.073042719080139262e-01
-8.321234180346177567e-01,9.425942952842940592e-01,-1.551078898296076369e+00,6.473412921772726536e-01,-1.009471926671820508e-01,-7.654409701833271296e-01
-6.035171321870800298e-01,3.664506103505035806e-02,2.569466203946665916e-01,5.627754337986055899e-02,7.347013088944374104e-01,9.550543486903388946e-01
-5.830682474435231466e-01,-3.384646830186471833e-01,1.238029597808780968e+00,2.137710336652988430e-01,-7.621417339399855218e-01,5.802566447964989660e-01
1.282529063108488465e+00,-2.723466850927669727e-02,7.347409092401088748e-02,-7.118310940062677616e-01,-1.009271858196433502e+00,1.055377722528344053e+00
-1.594678131690232259e-01,-1.219898556343263829e+00,-6.777551122744580603e-01,6.095164978397964450e-01,-1.476777430424980775e+00,1.096185718977168655e+00
1.853431224586267467e-01,-2.504842963079062512e-01,1.837216910615692145e-01,-1.576382989776128563e+00,-8.574727034658754521e-01,8.741688353186284344e-01
6.900888382054599923e-02,2.220021248750263798e-01,5.579285207639330668e-01,-7.416276592407918811e-01,-9.870515168780973070e-02,9.022722087642569555e-01
5.711402937556578907e-01,7.836375943862049498e-01,-7.543639812162415970e-01,1.938424316182362439e+00,-2.173312500076636788e-01,1.265282257777317065e+00
6.884044504738479064e-01,1.095809414901678602e+00,-3.311639981882406603e-01,-3.364728628142925060e-01,-6.931840917625369230e-04,1.664623518231810539e+00
8.144144368027808056e-01,1.030981419743137284e+00,-7.982466390819275004e-01,-1.783921251021955534e+00,-1.031854400602776473e-01,1.372239309165777188e+00
-1.300889192122631544e+00,-6.874999902558256437e-01,-3.568394427257396972e-01,-5.938156077010791067e-01,-1.335580981422427094e+00,1.661572093810222084e+00
1.731889145747176895e-01,9.126749696542144075e-02,1.584560691031294377e+00,-1.783136082409204182e+00,-6.478359142853455932e-01,1.349227576209632677e-02
-8.103206538471424691e-01,3.280381946596284681e-01,-4.902888271362187411e-01,-1.865077912464296217e+00,2.006112828847987473e+00,7.203567900015754866e-01
-1.216998846956765190e+00,-1.932986430280395351e-01,1.764238399149932815e-02,-8.917422058726131029e-01,-6.299413307168985066e-01,1.197905051096322504e+00
-1.472075038452753115e-01,5.246840729456455632e-01,1.109572778076086230e+00,-1.247474055184268626e-01,1.027282835305209696e+00,4.586485341958892459e-01
4.982253975432741899e-02,1.041321008198503456e-01,5.860774368615812024e-01,-5.544298743339855229e-02,1.658931876689391238e+00,8.017571286570727151e-01
5.667329180829621116e-01,-1.694006831849901307e+00,3.235759636361746489e-02,-1.578939469213221647e-01,-5.086725801851121886e-01,1.079771404375731159e-01
-6.117291168513628863e-01,-1.371491704373085652e+00,-9.347139598565546992e-01,1.670792748787284454e+00,5.500115439483833635e-01,1.308861325376877938e+00
-1.347558888289605683e+00,-7.265186149514680780e-01,-1.386600450362409864e+00,-7.709080967455235467e-02,-5.656641776810994449e-01,1.099998916937935611e+00
1.504833455091475702e+00,3.513740577368608675e-01,-1.225360781043846048e+00,-9.099082680546561885e-01,8.528587033987373722e-01,9.673727093691785184e-01
4.982509515994389959e-01,7.649866673581836585e-01,3.703582864330793312e-01,-4.442262766530314377e-01,-1.018376150491332038e-01,1.422564735730517560e+00
-3.187469098284202440e-01,4.350623963827291996e-01,6.453809323708868950e-01,2.345661465507042076e-01,-7.505646774649831210e-01,8.582393051493065750e-01
9.987544306411230144e-01,-6.484364977140792963e-01,1.676823317325449647e+00,7.926110944384515689e-01,4.454160958020433880e-01,-5.120107700589298094e-01
-6.831976819022500536e-01,-1.097335612752476375e-01,2.481628656069652661e-01,-9.669597339428056548e-01,4.561279670023717370e-01,1.126609792523540099e+00
-8.006168710275616274e-01,1.710645866075186927e-01,-2.998886630662393471e-01,-1.207184071103613657e-02,-1.208153263318258341e+00,7.551770899887635391e-01
-1.343122438896032556e+00,3.362234539993469995e-01,1.712316788628439834e+00,7.831401031762911247e-01,1.578745159063130066e+00,-5.055460378744689454e-01
-1.910617336950207967e+00,1.278134945214876916e+00,6.617484362875157844e-01,2.448427185134336714e-01,-1.481262723785810254e+00,1.965907209062135175e-01
2.686949779744977618e-01,4.572449168488015858e-02,-3.256165941204431369e-01,-8.114130702002390061e-01,-5.306037846847073691e-01,9.301370791225659351e-01
-7.030526397050547160e-01,-1.150738433555010154e+00,6.680027935029538844e-01,5.420235488873214047e-01,-3.634717153963522990e-02,1.424354398345578865e+00
-1.267133266093394550e-01,1.864495353890606832e+00,-2.199777239118899663e-02,-1.581498078270224594e+00,9.650219279901066649e-01,8.703932654902990507e-01
-1.087067732622879479e+00,1.726154475079526018e-01,-5.432167674442934802e-01,-4.739401151981069704e-01,7.384148734973394745e-01,6.092370415000479822e-01
-5.300575914883463025e-01,-3.022639846199249303e-01,-1.257016506739904615e+00,-8.870658153838811844e-01,2.999626242773711926e-02,3.587758794840978926e-01
1.196097549260242587e+00,-1.206581457466541885e+00,6.408388966439756418e-01,-8.316602561932413540e-01,1.277648502211809145e+00,-3.002246914148540835e-01
-4.098611280300513970e-02,-3.906683041726796146e-01,-3.571583925472850973e-01,7.419310898082781547e-01,7.287350491718053158e-01,7.995431405712311035e-01
1.009059497501074931e+00,-2.680688253334845284e-01,-2.500835005096898822e+00,1.333478170310827382e+00,-1.382468478297647518e+00,-1.016159505013041198e+00
3.304379786825212273e-01,-2.174479083366412713e+00,5.621227819701966055e-01,-1.476239224839994910e-02,6.902164683558700276e-01,2.774310193444248229e-01
-4.837964296015646593e-01,-1.215092262779731147e-01,9.201120036380116066e-03,-4.252655038057333026e-01,1.133069593712336065e+00,1.162207555198257358e+00
-8.957424735762682388e-01,-1.375179092224681487e-01,6.015597326672489364e-01,8.952371238503811224e-01,9.489129955286592644e-01,9.610753877677226109e-01
1.211873741232091101e-01,-1.443859948634058421e+00,9.596651047905403742e-02,8.200610404942750842e-01,-2.791888095948009130e-01,8.235176985219742063e-01
3.734019240655935268e-01,-8.062824222916977757e-01,-1.169163534680763172e+00,-2.712187616484574293e-01,-5.148972380325499421e-01,8.963531934408631996e-02
1.840746682156247260e+00,1.493538562621853805e+00,-5.950647687794756724e-01,-8.729832621225679379e-01,1.101799989523361556e-01,1.074672326047731552e+00
1.739415949274876194e-01,-1.082280569213103449e+00,1.691598779370330208e-01,2.130366800701951391e+00,4.221632563326948584e-01,7.298178723136741208e-01
9.415766472522986430e-02,8.348735998044817253e-01,1.337214720464855011e+00,-1.136210077096609483e+00,-9.591351878006502962e-02,3.979673784191399832e-01
-6.786883477350891258e-01,9.838022838353319144e-02,-2.216735714621186126e+00,1.058082520258501802e+00,1.263089423394201161e+00,-7.725630438264881050e-01
1.637905010668213146e+00,-7.796043064979649717e-01,-2.314466177756738574e+00,-1.387318015680435002e+00,-1.770055967241677131e+00,-1.708365836262527138e+00
5.436328786874111696e-01,1.306869847579622546e+00,1.147464728208335449e+00,2.234745168696886386e-01,-1.226039656067501316e+00,1.092777440902315655e+00
6.172925465072047757e-01,4.285629646520833225e-01,7.293739916239838639e-01,-5.697096355556694469e-01,-5.160110236639255943e-01,9.306144533794362683e-01
-1.659843676226611942e-01,9.576420571969903595e-01,6.203363765028040433e-01,-1.668687570590609681e+00,3.582385816310425242e-02,6.978326613174654636e-01
